# Kinmatech Trajectory
# Format: J1, J2, J3, J4, J5, J6, Phase, X(mm), Y(mm), Z(mm), RX(deg), RY(deg), RZ(deg), WeldOn, Current(%), Voltage(%), WeavePattern, WeaveLat(mm), WeaveVert(mm), Comment
# Total points: 200  Weld ON: 200  Weave: 167  Patterns: Circle
# Phases: ACCEL: 35  CRUISE: 146  DECEL: 17  STOP: 2

-128.683, -17.763, 121.270, -93.741, 110.332, -116.161, STOP, 298.32, 95.61, 756.93, 72.49, -24.38, 45.38, 1, 50.0, 30.0, , +0.00, +0.00, Lin 0-1 t=0.000
-128.295, -17.853, 121.494, -93.616, 110.603, -116.515, ACCEL, 298.32, 98.99, 760.68, 72.49, -24.38, 45.38, 1, 50.0, 30.0, , +0.00, +0.00, Lin 0-1 t=0.062
-127.905, -17.938, 121.724, -93.489, 110.880, -116.871, ACCEL, 298.32, 102.36, 764.43, 72.49, -24.38, 45.38, 1, 50.0, 30.0, , +0.00, +0.00, Lin 0-1 t=0.125
-127.522, -18.017, 121.957, -93.368, 111.153, -117.224, CRUISE, 298.32, 105.74, 768.18, 72.49, -24.38, 45.38, 1, 50.0, 30.0, , +0.00, +0.00, Lin 0-1 t=0.188
-127.145, -18.092, 122.191, -93.254, 111.424, -117.573, CRUISE, 298.32, 109.11, 771.93, 72.49, -24.38, 45.38, 1, 50.0, 30.0, , +0.00, +0.00, Lin 0-1 t=0.250
-126.775, -18.161, 122.427, -93.145, 111.692, -117.918, CRUISE, 298.32, 112.49, 775.68, 72.49, -24.38, 45.38, 1, 50.0, 30.0, , +0.00, +0.00, Lin 0-1 t=0.312
-126.411, -18.226, 122.665, -93.041, 111.956, -118.259, CRUISE, 298.32, 115.86, 779.43, 72.49, -24.38, 45.38, 1, 50.0, 30.0, , +0.00, +0.00, Lin 0-1 t=0.375
-126.054, -18.285, 122.905, -92.944, 112.219, -118.598, CRUISE, 298.32, 119.24, 783.18, 72.49, -24.38, 45.38, 1, 50.0, 30.0, , +0.00, +0.00, Lin 0-1 t=0.438
-125.702, -18.340, 123.146, -92.852, 112.478, -118.933, CRUISE, 298.32, 122.61, 786.93, 72.49, -24.38, 45.38, 1, 50.0, 30.0, , +0.00, +0.00, Lin 0-1 t=0.500
-125.356, -18.391, 123.389, -92.764, 112.734, -119.265, CRUISE, 298.32, 125.99, 790.68, 72.49, -24.38, 45.38, 1, 50.0, 30.0, , +0.00, +0.00, Lin 0-1 t=0.562
-125.017, -18.437, 123.634, -92.683, 112.988, -119.593, CRUISE, 298.32, 129.36, 794.43, 72.49, -24.38, 45.38, 1, 50.0, 30.0, , +0.00, +0.00, Lin 0-1 t=0.625
-124.682, -18.479, 123.880, -92.606, 113.238, -119.919, CRUISE, 298.32, 132.74, 798.18, 72.49, -24.38, 45.38, 1, 50.0, 30.0, , +0.00, +0.00, Lin 0-1 t=0.688
-124.354, -18.516, 124.127, -92.534, 113.486, -120.242, CRUISE, 298.32, 136.11, 801.93, 72.49, -24.38, 45.38, 1, 50.0, 30.0, , +0.00, +0.00, Lin 0-1 t=0.750
-124.030, -18.549, 124.376, -92.466, 113.731, -120.562, CRUISE, 298.32, 139.49, 805.68, 72.49, -24.38, 45.38, 1, 50.0, 30.0, , +0.00, +0.00, Lin 0-1 t=0.812
-123.712, -18.579, 124.627, -92.404, 113.973, -120.880, DECEL, 298.32, 142.86, 809.43, 72.49, -24.38, 45.38, 1, 50.0, 30.0, , +0.00, +0.00, Lin 0-1 t=0.875
-123.399, -18.604, 124.879, -92.346, 114.212, -121.195, DECEL, 298.32, 146.24, 813.18, 72.49, -24.38, 45.38, 1, 50.0, 30.0, , +0.00, +0.00, Lin 0-1 t=0.938
-123.092, -18.626, 125.133, -92.292, 114.449, -121.508, DECEL, 298.32, 149.61, 816.93, 72.49, -24.38, 45.38, 1, 50.0, 30.0, , +0.00, +0.00, Lin 0-1 t=1.000
-122.606, -18.910, 125.274, -92.209, 114.824, -121.993, ACCEL, 296.17, 151.72, 821.53, 72.49, -24.38, 45.38, 1, 50.0, 30.0, , +0.00, +0.00, Curve u=0.007
-122.167, -19.126, 125.434, -92.134, 115.167, -122.422, ACCEL, 294.49, 154.04, 825.76, 72.49, -24.38, 45.38, 1, 50.0, 30.0, , +0.00, +0.00, Curve u=0.015
-121.777, -19.274, 125.611, -92.068, 115.473, -122.794, ACCEL, 293.26, 156.53, 829.62, 72.49, -24.38, 45.38, 1, 50.0, 30.0, , +0.00, +0.00, Curve u=0.022
-121.437, -19.357, 125.804, -92.010, 115.742, -123.111, ACCEL, 292.46, 159.18, 833.13, 72.49, -24.38, 45.38, 1, 50.0, 30.0, , +0.00, +0.00, Curve u=0.029
-121.146, -19.382, 126.010, -91.960, 115.973, -123.376, ACCEL, 292.06, 161.97, 836.31, 72.49, -24.38, 45.38, 1, 50.0, 30.0, , +0.00, +0.00, Curve u=0.037
-120.902, -19.352, 126.228, -91.917, 116.168, -123.594, ACCEL, 292.06, 164.89, 839.17, 72.49, -24.38, 45.38, 1, 50.0, 30.0, , +0.00, +0.00, Curve u=0.044
-120.703, -19.273, 126.456, -91.881, 116.326, -123.766, ACCEL, 292.44, 167.92, 841.73, 72.49, -24.38, 45.38, 1, 50.0, 30.0, , +0.00, +0.00, Curve u=0.051
-120.549, -19.150, 126.693, -91.853, 116.450, -123.897, ACCEL, 293.16, 171.03, 843.99, 72.49, -24.38, 45.38, 1, 50.0, 30.0, , +0.00, +0.00, Curve u=0.059
-120.437, -18.986, 126.937, -91.832, 116.540, -123.990, ACCEL, 294.21, 174.22, 845.98, 72.49, -24.38, 45.38, 1, 50.0, 30.0, , +0.00, +0.00, Curve u=0.066
-120.365, -18.787, 127.187, -91.817, 116.598, -124.049, ACCEL, 295.58, 177.45, 847.71, 72.49, -24.38, 45.38, 1, 50.0, 30.0, , +0.00, +0.00, Curve u=0.074
-120.330, -18.555, 127.441, -91.810, 116.626, -124.075, ACCEL, 297.24, 180.72, 849.19, 72.49, -24.38, 45.38, 1, 50.0, 30.0, , +0.00, +0.00, Curve u=0.081
-120.331, -18.295, 127.699, -91.810, 116.625, -124.073, ACCEL, 299.17, 184.01, 850.43, 72.49, -24.38, 45.38, 1, 50.0, 30.0, , +0.00, +0.00, Curve u=0.088
-120.366, -18.011, 127.959, -91.816, 116.598, -124.046, ACCEL, 301.36, 187.29, 851.46, 72.49, -24.38, 45.38, 1, 50.0, 30.0, , +0.00, +0.00, Curve u=0.096
-120.431, -17.707, 128.221, -91.831, 116.545, -123.996, ACCEL, 303.78, 190.55, 852.28, 72.49, -24.38, 45.38, 1, 50.0, 30.0, , +0.00, +0.00, Curve u=0.103
-120.525, -17.385, 128.482, -91.852, 116.469, -123.926, ACCEL, 306.42, 193.77, 852.92, 72.49, -24.38, 45.38, 1, 50.0, 30.0, , +0.00, +0.00, Curve u=0.110
-120.646, -17.050, 128.743, -91.882, 116.371, -123.839, ACCEL, 309.25, 196.93, 853.38, 72.49, -24.38, 45.38, 1, 50.0, 30.0, , +0.00, +0.00, Curve u=0.118
-121.167, -16.736, 128.954, -92.116, 115.945, -123.707, ACCEL, 314.17, 198.11, 853.29, 72.49, -24.38, 45.38, 1, 50.0, 30.0, Circle, -2.71, -0.39, Curve u=0.125 +Circle
-121.211, -16.444, 129.242, -92.138, 115.909, -123.701, ACCEL, 316.62, 201.66, 854.55, 72.49, -24.38, 45.38, 1, 50.0, 30.0, Circle, -1.81, +0.72, Curve u=0.132 +Circle
-120.892, -15.984, 129.563, -91.895, 116.177, -123.557, ACCEL, 317.43, 207.43, 854.53, 72.49, -24.38, 45.38, 1, 50.0, 30.0, Circle, +2.00, +0.67, Curve u=0.140 +Circle
-121.024, -15.531, 129.799, -91.862, 116.075, -123.312, ACCEL, 320.53, 210.68, 853.30, 72.49, -24.38, 45.38, 1, 50.0, 30.0, Circle, +2.58, -0.46, Curve u=0.147 +Circle
-121.706, -15.261, 129.950, -92.184, 115.519, -123.157, ACCEL, 326.17, 210.41, 852.71, 72.49, -24.38, 45.38, 1, 50.0, 30.0, Circle, -0.99, -0.85, Curve u=0.154 +Circle
-122.200, -15.040, 130.154, -92.450, 115.114, -123.121, ACCEL, 330.84, 211.19, 853.39, 72.49, -24.38, 45.38, 1, 50.0, 30.0, Circle, -2.97, +0.12, Curve u=0.162 +Circle
-122.135, -14.647, 130.467, -92.376, 115.171, -123.035, ACCEL, 333.07, 215.75, 853.80, 72.49, -24.38, 45.38, 1, 50.0, 30.0, Circle, -0.26, +0.90, Curve u=0.169 +Circle
-122.043, -14.152, 130.758, -92.229, 115.254, -122.813, ACCEL, 335.25, 220.51, 852.78, 72.49, -24.38, 45.38, 1, 50.0, 30.0, Circle, +2.84, +0.29, Curve u=0.176 +Circle
-122.457, -13.814, 130.903, -92.371, 114.925, -122.585, ACCEL, 339.46, 221.30, 851.28, 72.49, -24.38, 45.38, 1, 50.0, 30.0, Circle, +1.68, -0.75, Curve u=0.184 +Circle
-123.146, -13.672, 130.975, -92.726, 114.366, -122.481, ACCEL, 344.55, 219.61, 850.83, 72.49, -24.38, 45.38, 1, 50.0, 30.0, Circle, -1.88, -0.70, Curve u=0.191 +Circle
-123.560, -13.495, 131.140, -92.952, 114.030, -122.449, CRUISE, 348.53, 220.05, 851.32, 72.49, -24.38, 45.38, 1, 50.0, 30.0, Circle, -2.82, +0.31, Curve u=0.199 +Circle
-123.611, -13.124, 131.423, -92.942, 113.992, -122.351, CRUISE, 351.39, 223.74, 851.39, 72.49, -24.38, 45.38, 1, 50.0, 30.0, Circle, -0.07, +0.90, Curve u=0.206 +Circle
-123.688, -12.691, 131.680, -92.907, 113.939, -122.155, CRUISE, 354.43, 227.22, 850.37, 72.49, -24.38, 45.38, 1, 50.0, 30.0, Circle, +2.72, +0.38, Curve u=0.213 +Circle
-124.069, -12.431, 131.778, -93.051, 113.638, -121.961, CRUISE, 358.07, 227.29, 848.96, 72.49, -24.38, 45.38, 1, 50.0, 30.0, Circle, +2.32, -0.57, Curve u=0.221 +Circle
-124.648, -12.400, 131.748, -93.352, 113.173, -121.865, CRUISE, 361.64, 224.53, 848.20, 72.49, -24.38, 45.38, 1, 50.0, 30.0, Circle, -0.59, -0.88, Curve u=0.228 +Circle
-125.161, -12.424, 131.741, -93.649, 112.756, -121.856, CRUISE, 364.80, 222.12, 848.37, 72.49, -24.38, 45.38, 1, 50.0, 30.0, Circle, -2.85, -0.28, Curve u=0.235 +Circle
-125.490, -12.297, 131.871, -93.836, 112.490, -121.841, CRUISE, 368.01, 222.29, 848.85, 72.49, -24.38, 45.38, 1, 50.0, 30.0, Circle, -2.25, +0.60, Curve u=0.243 +Circle
-125.733, -11.993, 132.100, -93.942, 112.299, -121.745, CRUISE, 371.76, 224.28, 848.77, 72.49, -24.38, 45.38, 1, 50.0, 30.0, Circle, +0.54, +0.89, Curve u=0.250 +Circle
-126.047, -11.685, 132.275, -94.065, 112.055, -121.583, CRUISE, 375.62, 225.40, 847.87, 72.49, -24.38, 45.38, 1, 50.0, 30.0, Circle, +2.81, +0.32, Curve u=0.257 +Circle
-126.477, -11.579, 132.274, -94.265, 111.716, -121.440, CRUISE, 378.58, 223.66, 846.68, 72.49, -24.38, 45.38, 1, 50.0, 30.0, Circle, +2.35, -0.56, Curve u=0.265 +Circle
-126.953, -11.708, 132.129, -94.528, 111.334, -121.392, CRUISE, 380.28, 219.66, 846.06, 72.49, -24.38, 45.38, 1, 50.0, 30.0, Circle, -0.42, -0.89, Curve u=0.272 +Circle
-127.400, -11.888, 132.009, -94.803, 110.969, -121.425, CRUISE, 381.83, 215.91, 846.36, 72.49, -24.38, 45.38, 1, 50.0, 30.0, Circle, -2.80, -0.33, Curve u=0.279 +Circle
-127.821, -11.885, 132.059, -95.058, 110.626, -121.443, CRUISE, 384.82, 214.39, 847.03, 72.49, -24.38, 45.38, 1, 50.0, 30.0, Circle, -2.28, +0.58, Curve u=0.287 +Circle
-128.271, -11.665, 132.235, -95.295, 110.268, -121.362, CRUISE, 389.39, 214.47, 847.10, 72.49, -24.38, 45.38, 1, 50.0, 30.0, Circle, +0.71, +0.87, Curve u=0.294 +Circle
-128.754, -11.458, 132.335, -95.527, 109.890, -121.209, CRUISE, 393.57, 213.60, 846.22, 72.49, -24.38, 45.38, 1, 50.0, 30.0, Circle, +2.94, +0.18, Curve u=0.301 +Circle
-129.208, -11.517, 132.212, -95.759, 109.532, -121.103, CRUISE, 395.30, 210.03, 845.13, 72.49, -24.38, 45.38, 1, 50.0, 30.0, Circle, +1.73, -0.73, Curve u=0.309 +Circle
-129.609, -11.815, 131.967, -96.004, 109.204, -121.124, CRUISE, 395.22, 204.97, 844.96, 72.49, -24.38, 45.38, 1, 50.0, 30.0, Circle, -1.63, -0.76, Curve u=0.316 +Circle
-130.051, -12.034, 131.855, -96.288, 108.838, -121.197, CRUISE, 396.53, 201.16, 845.79, 72.49, -24.38, 45.38, 1, 50.0, 30.0, Circle, -2.93, +0.20, Curve u=0.324 +Circle
-130.621, -11.951, 131.962, -96.614, 108.378, -121.166, CRUISE, 400.96, 199.48, 846.38, 72.49, -24.38, 45.38, 1, 50.0, 30.0, Circle, -0.28, +0.90, Curve u=0.331 +Circle
-131.235, -11.768, 132.059, -96.929, 107.896, -121.015, CRUISE, 405.78, 197.70, 845.73, 72.49, -24.38, 45.38, 1, 50.0, 30.0, Circle, +2.79, +0.33, Curve u=0.338 +Circle
-131.716, -11.869, 131.901, -97.180, 107.517, -120.905, CRUISE, 407.10, 193.53, 844.60, 72.49, -24.38, 45.38, 1, 50.0, 30.0, Circle, +1.78, -0.73, Curve u=0.346 +Circle
-132.082, -12.258, 131.600, -97.412, 107.213, -120.958, CRUISE, 405.90, 187.96, 844.60, 72.49, -24.38, 45.38, 1, 50.0, 30.0, Circle, -1.97, -0.68, Curve u=0.353 +Circle
-132.578, -12.500, 131.492, -97.728, 106.798, -121.042, CRUISE, 407.31, 183.82, 845.70, 72.49, -24.38, 45.38, 1, 50.0, 30.0, Circle, -2.60, +0.45, Curve u=0.360 +Circle
-133.289, -12.390, 131.604, -98.123, 106.229, -120.961, CRUISE, 412.53, 181.36, 846.08, 72.49, -24.38, 45.38, 1, 50.0, 30.0, Circle, +1.06, +0.84, Curve u=0.368 +Circle
-133.936, -12.326, 131.580, -98.458, 105.723, -120.792, CRUISE, 416.10, 177.88, 845.04, 72.49, -24.38, 45.38, 1, 50.0, 30.0, Circle, +2.92, -0.20, Curve u=0.375 +Circle
-134.331, -12.669, 131.272, -98.687, 105.402, -120.778, CRUISE, 414.86, 172.28, 844.37, 72.49, -24.38, 45.38, 1, 50.0, 30.0, Circle, -0.36, -0.89, Curve u=0.382 +Circle
-134.751, -13.081, 131.027, -98.964, 105.041, -120.896, CRUISE, 414.08, 166.95, 845.34, 72.49, -24.38, 45.38, 1, 50.0, 30.0, Circle, -3.00, +0.04, Curve u=0.390 +Circle
-135.483, -13.095, 131.082, -99.386, 104.444, -120.868, CRUISE, 418.47, 163.46, 846.26, 72.49, -24.38, 45.38, 1, 50.0, 30.0, Circle, -0.05, +0.90, Curve u=0.397 +Circle
-136.244, -12.996, 131.103, -99.786, 103.849, -120.682, CRUISE, 422.92, 159.76, 845.47, 72.49, -24.38, 45.38, 1, 50.0, 30.0, Circle, +3.00, +0.05, Curve u=0.404 +Circle
-136.682, -13.315, 130.802, -100.033, 103.497, -120.639, CRUISE, 421.76, 154.15, 844.61, 72.49, -24.38, 45.38, 1, 50.0, 30.0, Circle, +0.21, -0.90, Curve u=0.412 +Circle
-137.084, -13.792, 130.513, -100.298, 103.143, -120.769, CRUISE, 420.08, 148.49, 845.55, 72.49, -24.38, 45.38, 1, 50.0, 30.0, Circle, -2.99, -0.06, Curve u=0.419 +Circle
-137.855, -13.848, 130.546, -100.741, 102.510, -120.742, CRUISE, 424.15, 144.41, 846.62, 72.49, -24.38, 45.38, 1, 50.0, 30.0, Circle, -0.15, +0.90, Curve u=0.426 +Circle
-138.666, -13.766, 130.556, -101.171, 101.877, -120.541, CRUISE, 428.47, 140.21, 845.86, 72.49, -24.38, 45.38, 1, 50.0, 30.0, Circle, +3.00, +0.02, Curve u=0.434 +Circle
-139.101, -14.132, 130.232, -101.419, 101.522, -120.512, CRUISE, 426.68, 134.45, 845.08, 72.49, -24.38, 45.38, 1, 50.0, 30.0, Circle, -0.08, -0.90, Curve u=0.441 +Circle
-139.531, -14.618, 129.954, -101.696, 101.137, -120.649, CRUISE, 424.95, 128.83, 846.20, 72.49, -24.38, 45.38, 1, 50.0, 30.0, Circle, -2.99, +0.07, Curve u=0.449 +Circle
-140.373, -14.644, 130.004, -102.171, 100.450, -120.580, CRUISE, 429.32, 124.48, 847.18, 72.49, -24.38, 45.38, 1, 50.0, 30.0, Circle, +0.41, +0.89, Curve u=0.456 +Circle
-141.178, -14.609, 129.968, -102.599, 99.824, -120.367, CRUISE, 432.79, 119.79, 846.27, 72.49, -24.38, 45.38, 1, 50.0, 30.0, Circle, +2.94, -0.18, Curve u=0.463 +Circle
-141.580, -15.058, 129.608, -102.835, 99.485, -120.382, CRUISE, 430.03, 113.97, 845.77, 72.49, -24.38, 45.38, 1, 50.0, 30.0, Circle, -0.80, -0.87, Curve u=0.471 +Circle
-142.071, -15.507, 129.382, -103.138, 99.044, -120.510, CRUISE, 428.85, 108.57, 847.12, 72.49, -24.38, 45.38, 1, 50.0, 30.0, Circle, -2.83, +0.30, Curve u=0.478 +Circle
-142.985, -15.478, 129.455, -103.644, 98.307, -120.378, CRUISE, 433.57, 104.04, 847.85, 72.49, -24.38, 45.38, 1, 50.0, 30.0, Circle, +1.17, +0.83, Curve u=0.485 +Circle
-143.735, -15.512, 129.360, -104.046, 97.725, -120.171, CRUISE, 435.78, 99.04, 846.83, 72.49, -24.38, 45.38, 1, 50.0, 30.0, Circle, +2.69, -0.40, Curve u=0.493 +Circle
-144.102, -16.025, 128.986, -104.265, 97.400, -120.232, CRUISE, 432.28, 93.38, 846.66, 72.49, -24.38, 45.38, 1, 50.0, 30.0, Circle, -1.47, -0.78, Curve u=0.500 +Circle
-144.656, -16.417, 128.815, -104.595, 96.905, -120.333, CRUISE, 431.77, 88.24, 848.14, 72.49, -24.38, 45.38, 1, 50.0, 30.0, Circle, -2.55, +0.48, Curve u=0.507 +Circle
-145.597, -16.354, 128.895, -105.110, 96.153, -120.151, CRUISE, 436.45, 83.59, 848.65, 72.49, -24.38, 45.38, 1, 50.0, 30.0, Circle, +1.66, +0.75, Curve u=0.515 +Circle
-146.299, -16.440, 128.765, -105.491, 95.608, -119.955, CRUISE, 437.68, 78.55, 847.62, 72.49, -24.38, 45.38, 1, 50.0, 30.0, Circle, +2.47, -0.51, Curve u=0.522 +Circle
-146.647, -16.970, 128.399, -105.696, 95.289, -120.037, CRUISE, 433.88, 73.25, 847.63, 72.49, -24.38, 45.38, 1, 50.0, 30.0, Circle, -1.70, -0.74, Curve u=0.529 +Circle
-147.205, -17.340, 128.249, -106.020, 94.786, -120.123, CRUISE, 433.37, 68.37, 849.12, 72.49, -24.38, 45.38, 1, 50.0, 30.0, Circle, -2.50, +0.50, Curve u=0.537 +Circle
-148.122, -17.283, 128.325, -106.523, 94.055, -119.929, CRUISE, 437.64, 63.72, 849.64, 72.49, -24.38, 45.38, 1, 50.0, 30.0, Circle, +1.55, +0.77, Curve u=0.544 +Circle
-148.836, -17.346, 128.219, -106.913, 93.503, -119.718, CRUISE, 438.91, 58.88, 848.71, 72.49, -24.38, 45.38, 1, 50.0, 30.0, Circle, +2.66, -0.41, Curve u=0.551 +Circle
-149.174, -17.830, 127.880, -107.107, 93.193, -119.775, CRUISE, 435.21, 54.08, 848.55, 72.49, -24.38, 45.38, 1, 50.0, 30.0, Circle, -1.13, -0.83, Curve u=0.559 +Circle
-149.629, -18.262, 127.683, -107.369, 92.764, -119.888, CRUISE, 433.47, 49.55, 849.88, 72.49, -24.38, 45.38, 1, 50.0, 30.0, Circle, -2.90, +0.23, Curve u=0.566 +Circle
-150.457, -18.283, 127.733, -107.826, 92.089, -119.748, CRUISE, 436.66, 45.08, 850.80, 72.49, -24.38, 45.38, 1, 50.0, 30.0, Circle, +0.33, +0.89, Curve u=0.574 +Circle
-151.250, -18.244, 127.722, -108.262, 91.479, -119.496, CRUISE, 439.21, 40.54, 850.24, 72.49, -24.38, 45.38, 1, 50.0, 30.0, Circle, +2.99, +0.07, Curve u=0.581 +Circle
-151.666, -18.559, 127.468, -108.493, 91.133, -119.446, CRUISE, 436.94, 36.26, 849.58, 72.49, -24.38, 45.38, 1, 50.0, 30.0, Circle, +0.89, -0.86, Curve u=0.588 +Circle
-151.936, -19.062, 127.182, -108.646, 90.851, -119.579, CRUISE, 433.29, 32.35, 850.22, 72.49, -24.38, 45.38, 1, 50.0, 30.0, Circle, -2.54, -0.48, Curve u=0.596 +Circle
-152.471, -19.326, 127.100, -108.943, 90.371, -119.609, CRUISE, 433.24, 28.43, 851.55, 72.49, -24.38, 45.38, 1, 50.0, 30.0, Circle, -2.29, +0.58, Curve u=0.603 +Circle
-153.258, -19.298, 127.156, -109.377, 89.743, -119.420, CRUISE, 436.20, 24.28, 852.08, 72.49, -24.38, 45.38, 1, 50.0, 30.0, Circle, +1.04, +0.84, Curve u=0.610 +Circle
-153.931, -19.302, 127.117, -109.752, 89.226, -119.199, CRUISE, 437.71, 20.25, 851.53, 72.49, -24.38, 45.38, 1, 50.0, 30.0, Circle, +3.00, +0.03, Curve u=0.618 +Circle
-154.279, -19.572, 126.904, -109.945, 88.933, -119.154, CRUISE, 435.61, 16.80, 850.97, 72.49, -24.38, 45.38, 1, 50.0, 30.0, Circle, +1.38, -0.80, Curve u=0.625 +Circle
-154.448, -20.007, 126.646, -110.036, 88.740, -119.273, CRUISE, 432.02, 13.92, 851.28, 72.49, -24.38, 45.38, 1, 50.0, 30.0, Circle, -1.69, -0.74, Curve u=0.632 +Circle
-154.729, -20.352, 126.499, -110.187, 88.452, -119.377, CRUISE, 430.15, 11.09, 852.33, 72.49, -24.38, 45.38, 1, 50.0, 30.0, Circle, -3.00, +0.05, Curve u=0.640 +Circle
-155.247, -20.482, 126.483, -110.471, 88.005, -119.334, CRUISE, 430.92, 7.89, 853.31, 72.49, -24.38, 45.38, 1, 50.0, 30.0, Circle, -1.54, +0.77, Curve u=0.647 +Circle
-155.879, -20.484, 126.504, -110.822, 87.501, -119.169, CRUISE, 432.76, 4.42, 853.62, 72.49, -24.38, 45.38, 1, 50.0, 30.0, Circle, +1.11, +0.84, Curve u=0.654 +Circle
-156.415, -20.516, 126.465, -111.122, 87.084, -119.001, CRUISE, 433.58, 1.18, 853.33, 72.49, -24.38, 45.38, 1, 50.0, 30.0, Circle, +2.84, +0.29, Curve u=0.662 +Circle
-156.722, -20.669, 126.338, -111.293, 86.834, -118.932, CRUISE, 432.50, -1.36, 852.87, 72.49, -24.38, 45.38, 1, 50.0, 30.0, Circle, +2.67, -0.41, Curve u=0.669 +Circle
-156.822, -20.932, 126.160, -111.344, 86.726, -118.981, CRUISE, 430.01, -3.04, 852.67, 72.49, -24.38, 45.38, 1, 50.0, 30.0, Circle, +1.04, -0.84, Curve u=0.676 +Circle
-156.801, -21.229, 125.990, -111.326, 86.696, -119.106, CRUISE, 427.22, -4.08, 852.90, 72.49, -24.38, 45.38, 1, 50.0, 30.0, Circle, -0.98, -0.85, Curve u=0.684 +Circle
-156.774, -21.492, 125.866, -111.303, 86.667, -119.243, CRUISE, 425.01, -4.84, 853.45, 72.49, -24.38, 45.38, 1, 50.0, 30.0, Circle, -2.46, -0.51, Curve u=0.691 +Circle
-156.814, -21.690, 125.791, -111.319, 86.590, -119.346, CRUISE, 423.70, -5.69, 854.15, 72.49, -24.38, 45.38, 1, 50.0, 30.0, Circle, -3.00, -0.03, Curve u=0.699 +Circle
-156.943, -21.827, 125.751, -111.385, 86.454, -119.397, CRUISE, 423.11, -6.82, 854.81, 72.49, -24.38, 45.38, 1, 50.0, 30.0, Circle, -2.64, +0.43, Curve u=0.706 +Circle
-157.151, -21.950, 125.712, -111.496, 86.259, -119.411, CRUISE, 422.80, -8.28, 855.33, 72.49, -24.38, 45.38, 1, 50.0, 30.0, Circle, -1.68, +0.75, Curve u=0.713 +Circle
-157.381, -22.081, 125.656, -111.619, 86.051, -119.409, CRUISE, 422.30, -9.97, 855.66, 72.49, -24.38, 45.38, 1, 50.0, 30.0, Circle, -0.42, +0.89, Curve u=0.721 +Circle
-157.574, -22.245, 125.568, -111.721, 85.872, -119.419, CRUISE, 421.26, -11.62, 855.82, 72.49, -24.38, 45.38, 1, 50.0, 30.0, Circle, +0.88, +0.86, Curve u=0.728 +Circle
-157.665, -22.439, 125.450, -111.766, 85.772, -119.462, CRUISE, 419.60, -12.87, 855.79, 72.49, -24.38, 45.38, 1, 50.0, 30.0, Circle, +2.02, +0.67, Curve u=0.735 +Circle
-157.609, -22.634, 125.322, -111.730, 85.791, -119.541, CRUISE, 417.52, -13.34, 855.62, 72.49, -24.38, 45.38, 1, 50.0, 30.0, Circle, +2.80, +0.33, Curve u=0.743 +Circle
-157.390, -22.783, 125.213, -111.607, 85.948, -119.648, CRUISE, 415.44, -12.79, 855.33, 72.49, -24.38, 45.38, 1, 50.0, 30.0, Circle, +2.97, -0.12, Curve u=0.750 +Circle
-157.026, -22.847, 125.154, -111.406, 86.234, -119.766, CRUISE, 413.84, -11.16, 855.01, 72.49, -24.38, 45.38, 1, 50.0, 30.0, Circle, +2.31, -0.58, Curve u=0.757 +Circle
-156.564, -22.815, 125.161, -111.153, 86.608, -119.885, CRUISE, 413.00, -8.59, 854.84, 72.49, -24.38, 45.38, 1, 50.0, 30.0, Circle, +0.74, -0.87, Curve u=0.765 +Circle
-156.068, -22.732, 125.222, -110.883, 87.008, -120.015, CRUISE, 412.75, -5.57, 855.02, 72.49, -24.38, 45.38, 1, 50.0, 30.0, Circle, -1.34, -0.81, Curve u=0.772 +Circle
-155.599, -22.705, 125.279, -110.626, 87.369, -120.185, CRUISE, 412.27, -2.81, 855.65, 72.49, -24.38, 45.38, 1, 50.0, 30.0, Circle, -2.86, -0.28, Curve u=0.779 +Circle
-155.170, -22.855, 125.247, -110.389, 87.669, -120.423, CRUISE, 410.33, -0.96, 856.50, 72.49, -24.38, 45.38, 1, 50.0, 30.0, Circle, -2.51, +0.50, Curve u=0.787 +Circle
-154.715, -23.188, 125.084, -110.138, 87.974, -120.716, CRUISE, 406.48, 0.09, 856.98, 72.49, -24.38, 45.38, 1, 50.0, 30.0, Circle, +0.02, +0.90, Curve u=0.794 +Circle
-154.153, -23.466, 124.892, -109.835, 88.393, -120.960, CRUISE, 402.31, 1.66, 856.54, 72.49, -24.38, 45.38, 1, 50.0, 30.0, Circle, +2.68, +0.40, Curve u=0.801 +Circle
-153.454, -23.385, 124.874, -109.465, 88.986, -121.068, CRUISE, 400.73, 5.32, 855.57, 72.49, -24.38, 45.38, 1, 50.0, 30.0, Circle, +2.20, -0.61, Curve u=0.809 +Circle
-152.700, -23.027, 125.074, -109.067, 89.644, -121.130, CRUISE, 401.94, 10.77, 855.41, 72.49, -24.38, 45.38, 1, 50.0, 30.0, Circle, -1.44, -0.79, Curve u=0.816 +Circle
-151.918, -22.956, 125.190, -108.654, 90.257, -121.387, CRUISE, 401.12, 15.43, 856.54, 72.49, -24.38, 45.38, 1, 50.0, 30.0, Circle, -2.79, +0.33, Curve u=0.824 +Circle
-151.015, -23.336, 125.000, -108.183, 90.925, -121.810, CRUISE, 395.52, 18.29, 857.04, 72.49, -24.38, 45.38, 1, 50.0, 30.0, Circle, +1.08, +0.84, Curve u=0.831 +Circle
-150.042, -23.354, 124.905, -107.676, 91.737, -121.991, CRUISE, 391.91, 22.63, 855.75, 72.49, -24.38, 45.38, 1, 50.0, 30.0, Circle, +2.65, -0.42, Curve u=0.838 +Circle
-149.147, -22.800, 125.212, -107.203, 92.537, -121.984, CRUISE, 394.01, 29.77, 855.46, 72.49, -24.38, 45.38, 1, 50.0, 30.0, Circle, -2.02, -0.67, Curve u=0.846 +Circle
-148.073, -22.854, 125.274, -106.654, 93.375, -122.360, CRUISE, 391.10, 35.28, 856.87, 72.49, -24.38, 45.38, 1, 50.0, 30.0, Circle, -1.31, +0.81, Curve u=0.853 +Circle
-146.791, -23.064, 125.086, -106.000, 94.413, -122.689, CRUISE, 384.75, 40.02, 855.92, 72.49, -24.38, 45.38, 1, 50.0, 30.0, Circle, +2.99, -0.06, Curve u=0.860 +Circle
-145.815, -22.377, 125.447, -105.475, 95.298, -122.599, CRUISE, 387.07, 48.35, 855.20, 72.49, -24.38, 45.38, 1, 50.0, 30.0, Circle, -1.98, -0.68, Curve u=0.868 +Circle
-144.496, -22.435, 125.509, -104.815, 96.346, -123.009, CRUISE, 382.94, 54.92, 856.65, 72.49, -24.38, 45.38, 1, 50.0, 30.0, Circle, -0.17, +0.90, Curve u=0.875 +Circle
-143.096, -22.266, 125.495, -104.084, 97.539, -123.128, CRUISE, 378.51, 61.86, 854.91, 72.49, -24.38, 45.38, 1, 50.0, 30.0, Circle, +1.90, -0.70, Curve u=0.882 +Circle
-142.024, -21.623, 125.944, -103.515, 98.465, -123.156, CRUISE, 380.45, 71.34, 855.79, 72.49, -24.38, 45.38, 1, 50.0, 30.0, Circle, -2.76, +0.35, Curve u=0.890 +Circle
-140.285, -21.765, 125.817, -102.638, 99.891, -123.507, CRUISE, 372.37, 78.24, 855.19, 72.49, -24.38, 45.38, 1, 50.0, 30.0, Circle, +2.99, -0.06, Curve u=0.897 +Circle
-139.261, -20.866, 126.354, -102.056, 100.812, -123.336, CRUISE, 375.50, 88.95, 854.93, 72.49, -24.38, 45.38, 1, 50.0, 30.0, Circle, -2.98, -0.10, Curve u=0.904 +Circle
-137.384, -20.950, 126.301, -101.111, 102.351, -123.690, CRUISE, 367.10, 96.91, 854.92, 72.49, -24.38, 45.38, 1, 50.0, 30.0, Circle, +2.97, +0.12, Curve u=0.912 +Circle
-136.347, -19.977, 126.888, -100.498, 103.278, -123.469, CRUISE, 370.15, 108.53, 854.53, 72.49, -24.38, 45.38, 1, 50.0, 30.0, Circle, -3.00, -0.00, Curve u=0.919 +Circle
-134.384, -19.898, 126.902, -99.480, 104.908, -123.696, CRUISE, 361.71, 117.62, 853.99, 72.49, -24.38, 45.38, 1, 50.0, 30.0, Circle, +2.87, -0.26, Curve u=0.926 +Circle
-133.272, -18.988, 127.528, -98.832, 105.870, -123.558, CRUISE, 363.81, 130.00, 854.55, 72.49, -24.38, 45.38, 1, 50.0, 30.0, Circle, -2.19, +0.61, Curve u=0.934 +Circle
-131.518, -18.468, 127.745, -97.834, 107.359, -123.467, CRUISE, 358.28, 140.94, 852.72, 72.49, -24.38, 45.38, 1, 50.0, 30.0, Circle, +0.58, -0.88, Curve u=0.941 +Circle
-129.875, -17.971, 128.161, -96.951, 108.723, -123.567, DECEL, 354.27, 152.92, 853.98, 72.49, -24.38, 45.38, 1, 50.0, 30.0, Circle, +1.70, +0.74, Curve u=0.949 +Circle
-128.764, -16.865, 128.835, -96.215, 109.686, -123.224, DECEL, 355.90, 166.70, 852.86, 72.49, -24.38, 45.38, 1, 50.0, 30.0, Circle, -3.00, +0.00, Curve u=0.956 +Circle
-126.861, -16.313, 129.131, -95.102, 111.274, -123.117, DECEL, 348.79, 179.05, 851.62, 72.49, -24.38, 45.38, 1, 50.0, 30.0, Circle, +1.23, -0.82, Curve u=0.963 +Circle
-125.239, -15.635, 129.671, -94.168, 112.615, -123.086, DECEL, 344.64, 192.74, 852.55, 72.49, -24.38, 45.38, 1, 50.0, 30.0, Circle, +2.35, +0.56, Curve u=0.971 +Circle
-124.161, -14.494, 130.466, -93.430, 113.521, -122.774, DECEL, 345.82, 208.11, 852.19, 72.49, -24.38, 45.38, 1, 50.0, 30.0, Circle, -2.01, +0.67, Curve u=0.978 +Circle
-122.743, -13.470, 131.102, -92.465, 114.697, -122.415, DECEL, 343.12, 223.20, 850.50, 72.49, -24.38, 45.38, 1, 50.0, 30.0, Circle, -2.45, -0.52, Curve u=0.985 +Circle
-120.987, -12.662, 131.649, -91.342, 116.134, -122.179, DECEL, 336.65, 238.15, 849.63, 72.49, -24.38, 45.38, 1, 50.0, 30.0, Circle, +0.92, -0.86, Curve u=0.993 +Circle
-119.365, -11.771, 132.342, -90.303, 117.453, -121.978, DECEL, 331.39, 254.28, 849.77, 72.49, -24.38, 45.38, 1, 50.0, 30.0, Circle, +2.95, -0.16, Curve u=1.000 +Circle
-119.763, -11.211, 132.446, -90.301, 117.133, -121.462, ACCEL, 335.84, 255.59, 845.04, 72.49, -24.38, 45.38, 1, 50.0, 30.0, Circle, -0.64, -0.88, Lin 0-1 t=0.021 +Circle
-120.093, -10.718, 132.555, -90.302, 116.870, -121.030, ACCEL, 339.71, 256.99, 841.10, 72.49, -24.38, 45.38, 1, 50.0, 30.0, Circle, -2.91, +0.22, Lin 0-1 t=0.043 +Circle
-119.687, -10.186, 132.681, -89.851, 117.195, -120.575, ACCEL, 338.51, 261.65, 836.94, 72.49, -24.38, 45.38, 1, 50.0, 30.0, Circle, +0.83, +0.87, Lin 0-1 t=0.064 +Circle
-119.457, -9.730, 132.687, -89.478, 117.375, -120.067, ACCEL, 337.76, 264.03, 831.92, 72.49, -24.38, 45.38, 1, 50.0, 30.0, Circle, +2.86, -0.28, Lin 0-1 t=0.085 +Circle
-119.952, -9.303, 132.685, -89.563, 116.981, -119.589, ACCEL, 342.03, 263.30, 827.18, 72.49, -24.38, 45.38, 1, 50.0, 30.0, Circle, -1.01, -0.85, Lin 0-1 t=0.106 +Circle
-120.216, -8.804, 132.811, -89.539, 116.770, -119.172, ACCEL, 345.54, 265.05, 823.28, 72.49, -24.38, 45.38, 1, 50.0, 30.0, Circle, -2.79, +0.33, Lin 0-1 t=0.128 +Circle
-119.783, -8.271, 132.940, -89.061, 117.104, -118.715, ACCEL, 344.07, 269.75, 819.05, 72.49, -24.38, 45.38, 1, 50.0, 30.0, Circle, +1.19, +0.83, Lin 0-1 t=0.149 +Circle
-119.620, -7.820, 132.947, -88.729, 117.222, -118.213, CRUISE, 343.69, 271.79, 814.00, 72.49, -24.38, 45.38, 1, 50.0, 30.0, Circle, +2.71, -0.38, Lin 0-1 t=0.170 +Circle
-120.131, -7.385, 132.964, -88.845, 116.818, -117.753, CRUISE, 348.21, 271.04, 809.33, 72.49, -24.38, 45.38, 1, 50.0, 30.0, Circle, -1.37, -0.80, Lin 0-1 t=0.191 +Circle
-120.330, -6.880, 133.106, -88.791, 116.658, -117.351, CRUISE, 351.34, 273.14, 805.46, 72.49, -24.38, 45.38, 1, 50.0, 30.0, Circle, -2.63, +0.44, Lin 0-1 t=0.213 +Circle
-119.880, -6.352, 133.236, -88.295, 116.991, -116.894, CRUISE, 349.64, 277.83, 801.15, 72.49, -24.38, 45.38, 1, 50.0, 30.0, Circle, +1.53, +0.77, Lin 0-1 t=0.234 +Circle
-119.781, -5.903, 133.245, -88.005, 117.053, -116.399, CRUISE, 349.65, 279.52, 796.08, 72.49, -24.38, 45.38, 1, 50.0, 30.0, Circle, +2.53, -0.49, Lin 0-1 t=0.255 +Circle
-120.301, -5.459, 133.281, -88.148, 116.647, -115.957, CRUISE, 354.38, 278.80, 791.49, 72.49, -24.38, 45.38, 1, 50.0, 30.0, Circle, -1.70, -0.74, Lin 0-1 t=0.277 +Circle
-120.433, -4.951, 133.439, -88.061, 116.536, -115.569, CRUISE, 357.09, 281.25, 787.63, 72.49, -24.38, 45.38, 1, 50.0, 30.0, Circle, -2.42, +0.53, Lin 0-1 t=0.298 +Circle
-119.977, -4.428, 133.569, -87.552, 116.861, -115.114, CRUISE, 355.22, 285.89, 783.25, 72.49, -24.38, 45.38, 1, 50.0, 30.0, Circle, +1.85, +0.71, Lin 0-1 t=0.319 +Circle
-119.940, -3.980, 133.582, -87.307, 116.869, -114.626, CRUISE, 355.66, 287.23, 778.16, 72.49, -24.38, 45.38, 1, 50.0, 30.0, Circle, +2.30, -0.58, Lin 0-1 t=0.340 +Circle
-120.461, -3.530, 133.638, -87.471, 116.468, -114.204, CRUISE, 360.53, 286.58, 773.65, 72.49, -24.38, 45.38, 1, 50.0, 30.0, Circle, -2.00, -0.67, Lin 0-1 t=0.362 +Circle
-120.528, -3.020, 133.809, -87.349, 116.404, -113.829, CRUISE, 362.81, 289.37, 769.80, 72.49, -24.38, 45.38, 1, 50.0, 30.0, Circle, -2.17, +0.62, Lin 0-1 t=0.383 +Circle
-120.073, -2.502, 133.937, -86.834, 116.715, -113.376, CRUISE, 360.82, 293.92, 765.34, 72.49, -24.38, 45.38, 1, 50.0, 30.0, Circle, +2.14, +0.63, Lin 0-1 t=0.404 +Circle
-120.098, -2.056, 133.956, -86.637, 116.672, -112.899, CRUISE, 361.70, 294.93, 760.25, 72.49, -24.38, 45.38, 1, 50.0, 30.0, Circle, +2.03, -0.66, Lin 0-1 t=0.426 +Circle
-120.612, -1.599, 134.031, -86.817, 116.282, -112.497, CRUISE, 366.67, 294.40, 755.82, 72.49, -24.38, 45.38, 1, 50.0, 30.0, Circle, -2.27, -0.59, Lin 0-1 t=0.447 +Circle
-120.615, -1.089, 134.214, -86.658, 116.262, -112.134, CRUISE, 368.50, 297.51, 751.97, 72.49, -24.38, 45.38, 1, 50.0, 30.0, Circle, -1.89, +0.70, Lin 0-1 t=0.468 +Circle
-120.169, -0.578, 134.342, -86.142, 116.553, -111.683, CRUISE, 366.45, 301.93, 747.43, 72.49, -24.38, 45.38, 1, 50.0, 30.0, Circle, +2.39, +0.54, Lin 0-1 t=0.489 +Circle
-120.254, -0.132, 134.367, -85.996, 116.464, -111.219, CRUISE, 367.78, 302.61, 742.34, 72.49, -24.38, 45.38, 1, 50.0, 30.0, Circle, +1.73, -0.73, Lin 0-1 t=0.511 +Circle
-120.752, 0.329, 134.462, -86.184, 116.092, -110.839, CRUISE, 372.77, 302.24, 737.99, 72.49, -24.38, 45.38, 1, 50.0, 30.0, Circle, -2.50, -0.50, Lin 0-1 t=0.532 +Circle
-120.695, 0.837, 134.655, -85.987, 116.110, -110.486, CRUISE, 374.15, 305.66, 734.13, 72.49, -24.38, 45.38, 1, 50.0, 30.0, Circle, -1.57, +0.77, Lin 0-1 t=0.553 +Circle
-120.265, 1.342, 134.781, -85.479, 116.378, -110.038, CRUISE, 372.10, 309.90, 729.51, 72.49, -24.38, 45.38, 1, 50.0, 30.0, Circle, +2.60, +0.45, Lin 0-1 t=0.574 +Circle
-120.407, 1.787, 134.813, -85.383, 116.248, -109.589, CRUISE, 373.88, 310.29, 724.44, 72.49, -24.38, 45.38, 1, 50.0, 30.0, Circle, +1.40, -0.80, Lin 0-1 t=0.596 +Circle
-120.883, 2.252, 134.929, -85.574, 115.897, -109.230, CRUISE, 378.85, 310.11, 720.16, 72.49, -24.38, 45.38, 1, 50.0, 30.0, Circle, -2.70, -0.40, Lin 0-1 t=0.617 +Circle
-120.769, 2.757, 135.130, -85.340, 115.951, -108.886, CRUISE, 379.78, 313.82, 716.28, 72.49, -24.38, 45.38, 1, 50.0, 30.0, Circle, -1.23, +0.82, Lin 0-1 t=0.638 +Circle
-120.363, 3.256, 135.253, -84.844, 116.190, -108.444, CRUISE, 377.78, 317.84, 711.58, 72.49, -24.38, 45.38, 1, 50.0, 30.0, Circle, +2.77, +0.34, Lin 0-1 t=0.660 +Circle
-120.557, 3.700, 135.295, -84.799, 116.025, -108.011, CRUISE, 380.01, 317.96, 706.54, 72.49, -24.38, 45.38, 1, 50.0, 30.0, Circle, +1.05, -0.84, Lin 0-1 t=0.681 +Circle
-121.005, 4.166, 135.430, -84.987, 115.700, -107.673, CRUISE, 384.90, 318.01, 702.34, 72.49, -24.38, 45.38, 1, 50.0, 30.0, Circle, -2.84, -0.29, Lin 0-1 t=0.702 +Circle
-120.838, 4.668, 135.638, -84.716, 115.783, -107.338, CRUISE, 385.38, 321.97, 698.43, 72.49, -24.38, 45.38, 1, 50.0, 30.0, Circle, -0.87, +0.86, Lin 0-1 t=0.723 +Circle
-120.461, 5.160, 135.759, -84.239, 115.992, -106.901, CRUISE, 383.50, 325.76, 693.66, 72.49, -24.38, 45.38, 1, 50.0, 30.0, Circle, +2.90, +0.23, Lin 0-1 t=0.745 +Circle
-120.704, 5.603, 135.811, -84.243, 115.796, -106.486, CRUISE, 386.17, 325.63, 688.66, 72.49, -24.38, 45.38, 1, 50.0, 30.0, Circle, +0.68, -0.88, Lin 0-1 t=0.766 +Circle
-121.114, 6.067, 135.964, -84.421, 115.503, -106.171, CRUISE, 390.91, 325.95, 684.53, 72.49, -24.38, 45.38, 1, 50.0, 30.0, Circle, -2.94, -0.18, Lin 0-1 t=0.787 +Circle
-120.903, 6.567, 136.179, -84.116, 115.609, -105.842, CRUISE, 390.97, 330.13, 680.57, 72.49, -24.38, 45.38, 1, 50.0, 30.0, Circle, -0.49, +0.89, Lin 0-1 t=0.809 +Circle
-120.564, 7.050, 136.297, -83.669, 115.784, -105.414, CRUISE, 389.25, 333.64, 675.73, 72.49, -24.38, 45.38, 1, 50.0, 30.0, Circle, +2.97, +0.12, Lin 0-1 t=0.830 +Circle
-120.847, 7.495, 136.361, -83.716, 115.565, -105.015, CRUISE, 392.33, 333.31, 670.77, 72.49, -24.38, 45.38, 1, 50.0, 30.0, Circle, +0.30, -0.90, Lin 0-1 t=0.851 +Circle
-121.218, 7.958, 136.531, -83.879, 115.303, -104.720, DECEL, 396.88, 333.91, 666.71, 72.49, -24.38, 45.38, 1, 50.0, 30.0, Circle, -2.99, -0.06, Lin 0-1 t=0.872 +Circle
-120.964, 8.453, 136.750, -83.542, 115.429, -104.398, DECEL, 396.54, 338.28, 662.70, 72.49, -24.38, 45.38, 1, 50.0, 30.0, Circle, -0.11, +0.90, Lin 0-1 t=0.894 +Circle
-120.665, 8.929, 136.867, -83.126, 115.571, -103.978, DECEL, 395.04, 341.49, 657.80, 72.49, -24.38, 45.38, 1, 50.0, 30.0, Circle, +3.00, +0.00, Lin 0-1 t=0.915 +Circle
-120.986, 9.373, 136.943, -83.217, 115.332, -103.600, DECEL, 398.51, 340.99, 652.90, 72.49, -24.38, 45.38, 1, 50.0, 30.0, Circle, -0.08, -0.90, Lin 0-1 t=0.936 +Circle
-121.313, 9.835, 137.130, -83.359, 115.103, -103.324, DECEL, 402.82, 341.91, 648.89, 72.49, -24.38, 45.38, 1, 50.0, 30.0, Circle, -2.99, +0.05, Lin 0-1 t=0.957 +Circle
-121.023, 10.324, 137.352, -82.994, 115.245, -103.008, DECEL, 402.10, 346.43, 644.83, 72.49, -24.38, 45.38, 1, 50.0, 30.0, Circle, +0.28, +0.90, Lin 0-1 t=0.979 +Circle
-120.768, 10.794, 137.467, -82.614, 115.352, -102.597, STOP, 400.87, 349.31, 639.88, 72.49, -24.38, 45.38, 1, 50.0, 30.0, Circle, +2.98, -0.11, Lin 0-1 t=1.000 +Circle
