# Kinmatech Trajectory
# Format: J1, J2, J3, J4, J5, J6, Phase, X(mm), Y(mm), Z(mm), RX(deg), RY(deg), RZ(deg), WeldOn, Current(%), Voltage(%), WeavePattern, WeaveLat(mm), WeaveVert(mm), Comment
# Total points: 241  Weld ON: 0  Weave: 0
# Phases: ACCEL: 36  CRUISE: 167  DECEL: 36  STOP: 2

-96.393, 44.944, 61.542, 158.471, -17.602, 110.510, STOP, -61.58, -734.02, 956.72, 90.15, 0.08, -0.02, 0, 50.0, 30.0, , +0.00, +0.00, Lin 0-1 t=0.000
-95.887, 45.006, 61.565, 160.011, -17.398, 109.047, ACCEL, -56.59, -734.02, 956.72, 90.15, 0.08, -0.02, 0, 50.0, 30.0, , +0.00, +0.00, Lin 0-1 t=0.011
-95.372, 45.065, 61.587, 161.616, -17.201, 107.519, ACCEL, -51.61, -734.02, 956.72, 90.15, 0.08, -0.02, 0, 50.0, 30.0, , +0.00, +0.00, Lin 0-1 t=0.021
-94.856, 45.119, 61.608, 163.263, -17.020, 105.950, ACCEL, -46.62, -734.02, 956.72, 90.15, 0.08, -0.02, 0, 50.0, 30.0, , +0.00, +0.00, Lin 0-1 t=0.032
-94.339, 45.167, 61.626, 164.948, -16.855, 104.342, ACCEL, -41.64, -734.02, 956.72, 90.15, 0.08, -0.02, 0, 50.0, 30.0, , +0.00, +0.00, Lin 0-1 t=0.042
-93.821, 45.210, 61.642, 166.669, -16.707, 102.698, ACCEL, -36.65, -734.02, 956.72, 90.15, 0.08, -0.02, 0, 50.0, 30.0, , +0.00, +0.00, Lin 0-1 t=0.053
-93.303, 45.248, 61.656, 168.422, -16.577, 101.020, ACCEL, -31.67, -734.02, 956.72, 90.15, 0.08, -0.02, 0, 50.0, 30.0, , +0.00, +0.00, Lin 0-1 t=0.063
-92.784, 45.280, 61.667, 170.205, -16.465, 99.314, ACCEL, -26.68, -734.02, 956.72, 90.15, 0.08, -0.02, 0, 50.0, 30.0, , +0.00, +0.00, Lin 0-1 t=0.074
-92.265, 45.306, 61.677, 172.013, -16.371, 97.581, ACCEL, -21.70, -734.02, 956.72, 90.15, 0.08, -0.02, 0, 50.0, 30.0, , +0.00, +0.00, Lin 0-1 t=0.084
-91.745, 45.328, 61.685, 173.842, -16.297, 95.828, ACCEL, -16.71, -734.02, 956.72, 90.15, 0.08, -0.02, 0, 50.0, 30.0, , +0.00, +0.00, Lin 0-1 t=0.095
-91.225, 45.343, 61.691, 175.688, -16.241, 94.057, ACCEL, -11.73, -734.02, 956.72, 90.15, 0.08, -0.02, 0, 50.0, 30.0, , +0.00, +0.00, Lin 0-1 t=0.105
-90.705, 45.353, 61.695, 177.546, -16.205, 92.275, ACCEL, -6.74, -734.02, 956.72, 90.15, 0.08, -0.02, 0, 50.0, 30.0, , +0.00, +0.00, Lin 0-1 t=0.116
-90.185, 45.358, 61.697, 179.410, -16.189, 90.487, ACCEL, -1.76, -734.02, 956.72, 90.15, 0.08, -0.02, 0, 50.0, 30.0, , +0.00, +0.00, Lin 0-1 t=0.126
-89.665, 45.357, 61.696, -178.725, -16.193, 88.696, ACCEL, 3.23, -734.02, 956.72, 90.15, 0.08, -0.02, 0, 50.0, 30.0, , +0.00, +0.00, Lin 0-1 t=0.137
-89.144, 45.351, 61.694, -176.862, -16.216, 86.909, ACCEL, 8.21, -734.02, 956.72, 90.15, 0.08, -0.02, 0, 50.0, 30.0, , +0.00, +0.00, Lin 0-1 t=0.147
-88.624, 45.339, 61.690, -175.008, -16.259, 85.131, CRUISE, 13.20, -734.02, 956.72, 90.15, 0.08, -0.02, 0, 50.0, 30.0, , +0.00, +0.00, Lin 0-1 t=0.158
-88.104, 45.322, 61.683, -173.168, -16.321, 83.366, CRUISE, 18.18, -734.02, 956.72, 90.15, 0.08, -0.02, 0, 50.0, 30.0, , +0.00, +0.00, Lin 0-1 t=0.168
-87.585, 45.299, 61.675, -171.345, -16.402, 81.619, CRUISE, 23.17, -734.02, 956.72, 90.15, 0.08, -0.02, 0, 50.0, 30.0, , +0.00, +0.00, Lin 0-1 t=0.179
-87.066, 45.271, 61.664, -169.546, -16.502, 79.895, CRUISE, 28.15, -734.02, 956.72, 90.15, 0.08, -0.02, 0, 50.0, 30.0, , +0.00, +0.00, Lin 0-1 t=0.189
-86.547, 45.237, 61.652, -167.773, -16.621, 78.198, CRUISE, 33.14, -734.02, 956.72, 90.15, 0.08, -0.02, 0, 50.0, 30.0, , +0.00, +0.00, Lin 0-1 t=0.200
-86.029, 45.198, 61.637, -166.030, -16.757, 76.532, CRUISE, 38.13, -734.02, 956.72, 90.15, 0.08, -0.02, 0, 50.0, 30.0, , +0.00, +0.00, Lin 0-1 t=0.211
-85.512, 45.154, 61.621, -164.322, -16.911, 74.900, CRUISE, 43.11, -734.02, 956.72, 90.15, 0.08, -0.02, 0, 50.0, 30.0, , +0.00, +0.00, Lin 0-1 t=0.221
-84.995, 45.104, 61.602, -162.650, -17.082, 73.305, CRUISE, 48.10, -734.02, 956.72, 90.15, 0.08, -0.02, 0, 50.0, 30.0, , +0.00, +0.00, Lin 0-1 t=0.232
-84.479, 45.049, 61.581, -161.018, -17.269, 71.750, CRUISE, 53.08, -734.02, 956.72, 90.15, 0.08, -0.02, 0, 50.0, 30.0, , +0.00, +0.00, Lin 0-1 t=0.242
-83.964, 44.988, 61.559, -159.427, -17.472, 70.237, CRUISE, 58.07, -734.02, 956.72, 90.15, 0.08, -0.02, 0, 50.0, 30.0, , +0.00, +0.00, Lin 0-1 t=0.253
-83.450, 44.922, 61.534, -157.879, -17.689, 68.768, CRUISE, 63.05, -734.02, 956.72, 90.15, 0.08, -0.02, 0, 50.0, 30.0, , +0.00, +0.00, Lin 0-1 t=0.263
-82.937, 44.851, 61.507, -156.376, -17.921, 67.344, CRUISE, 68.04, -734.02, 956.72, 90.15, 0.08, -0.02, 0, 50.0, 30.0, , +0.00, +0.00, Lin 0-1 t=0.274
-82.425, 44.775, 61.478, -154.919, -18.167, 65.965, CRUISE, 73.02, -734.02, 956.72, 90.15, 0.08, -0.02, 0, 50.0, 30.0, , +0.00, +0.00, Lin 0-1 t=0.284
-81.915, 44.693, 61.448, -153.507, -18.426, 64.633, CRUISE, 78.01, -734.02, 956.72, 90.15, 0.08, -0.02, 0, 50.0, 30.0, , +0.00, +0.00, Lin 0-1 t=0.295
-81.405, 44.606, 61.415, -152.142, -18.696, 63.348, CRUISE, 82.99, -734.02, 956.72, 90.15, 0.08, -0.02, 0, 50.0, 30.0, , +0.00, +0.00, Lin 0-1 t=0.305
-80.897, 44.514, 61.380, -150.822, -18.979, 62.109, CRUISE, 87.98, -734.02, 956.72, 90.15, 0.08, -0.02, 0, 50.0, 30.0, , +0.00, +0.00, Lin 0-1 t=0.316
-80.391, 44.417, 61.343, -149.549, -19.272, 60.917, CRUISE, 92.96, -734.02, 956.72, 90.15, 0.08, -0.02, 0, 50.0, 30.0, , +0.00, +0.00, Lin 0-1 t=0.326
-79.886, 44.315, 61.304, -148.321, -19.576, 59.771, CRUISE, 97.95, -734.02, 956.72, 90.15, 0.08, -0.02, 0, 50.0, 30.0, , +0.00, +0.00, Lin 0-1 t=0.337
-79.383, 44.208, 61.263, -147.137, -19.889, 58.670, CRUISE, 102.93, -734.02, 956.72, 90.15, 0.08, -0.02, 0, 50.0, 30.0, , +0.00, +0.00, Lin 0-1 t=0.347
-78.881, 44.096, 61.220, -145.998, -20.211, 57.614, CRUISE, 107.92, -734.02, 956.72, 90.15, 0.08, -0.02, 0, 50.0, 30.0, , +0.00, +0.00, Lin 0-1 t=0.358
-78.381, 43.979, 61.175, -144.901, -20.541, 56.602, CRUISE, 112.90, -734.02, 956.72, 90.15, 0.08, -0.02, 0, 50.0, 30.0, , +0.00, +0.00, Lin 0-1 t=0.368
-77.882, 43.857, 61.129, -143.846, -20.879, 55.631, CRUISE, 117.89, -734.02, 956.72, 90.15, 0.08, -0.02, 0, 50.0, 30.0, , +0.00, +0.00, Lin 0-1 t=0.379
-77.386, 43.730, 61.080, -142.831, -21.225, 54.702, CRUISE, 122.87, -734.02, 956.72, 90.15, 0.08, -0.02, 0, 50.0, 30.0, , +0.00, +0.00, Lin 0-1 t=0.389
-76.892, 43.598, 61.029, -141.855, -21.577, 53.813, CRUISE, 127.86, -734.02, 956.72, 90.15, 0.08, -0.02, 0, 50.0, 30.0, , +0.00, +0.00, Lin 0-1 t=0.400
-76.399, 43.462, 60.976, -140.918, -21.935, 52.963, CRUISE, 132.85, -734.02, 956.72, 90.15, 0.08, -0.02, 0, 50.0, 30.0, , +0.00, +0.00, Lin 0-1 t=0.411
-75.909, 43.321, 60.921, -140.017, -22.299, 52.151, CRUISE, 137.83, -734.02, 956.72, 90.15, 0.08, -0.02, 0, 50.0, 30.0, , +0.00, +0.00, Lin 0-1 t=0.421
-75.420, 43.176, 60.864, -139.152, -22.668, 51.374, CRUISE, 142.82, -734.02, 956.72, 90.15, 0.08, -0.02, 0, 50.0, 30.0, , +0.00, +0.00, Lin 0-1 t=0.432
-74.934, 43.026, 60.805, -138.320, -23.042, 50.633, CRUISE, 147.80, -734.02, 956.72, 90.15, 0.08, -0.02, 0, 50.0, 30.0, , +0.00, +0.00, Lin 0-1 t=0.442
-74.450, 42.871, 60.744, -137.522, -23.420, 49.925, CRUISE, 152.79, -734.02, 956.72, 90.15, 0.08, -0.02, 0, 50.0, 30.0, , +0.00, +0.00, Lin 0-1 t=0.453
-73.968, 42.713, 60.682, -136.754, -23.803, 49.249, CRUISE, 157.77, -734.02, 956.72, 90.15, 0.08, -0.02, 0, 50.0, 30.0, , +0.00, +0.00, Lin 0-1 t=0.463
-73.489, 42.549, 60.617, -136.017, -24.188, 48.604, CRUISE, 162.76, -734.02, 956.72, 90.15, 0.08, -0.02, 0, 50.0, 30.0, , +0.00, +0.00, Lin 0-1 t=0.474
-73.012, 42.382, 60.550, -135.308, -24.577, 47.989, CRUISE, 167.74, -734.02, 956.72, 90.15, 0.08, -0.02, 0, 50.0, 30.0, , +0.00, +0.00, Lin 0-1 t=0.484
-72.537, 42.210, 60.481, -134.627, -24.969, 47.403, CRUISE, 172.73, -734.02, 956.72, 90.15, 0.08, -0.02, 0, 50.0, 30.0, , +0.00, +0.00, Lin 0-1 t=0.495
-72.065, 42.034, 60.411, -133.973, -25.363, 46.844, CRUISE, 177.71, -734.02, 956.72, 90.15, 0.08, -0.02, 0, 50.0, 30.0, , +0.00, +0.00, Lin 0-1 t=0.505
-71.595, 41.855, 60.338, -133.343, -25.760, 46.310, CRUISE, 182.70, -734.02, 956.72, 90.15, 0.08, -0.02, 0, 50.0, 30.0, , +0.00, +0.00, Lin 0-1 t=0.516
-71.128, 41.671, 60.263, -132.738, -26.158, 45.802, CRUISE, 187.68, -734.02, 956.72, 90.15, 0.08, -0.02, 0, 50.0, 30.0, , +0.00, +0.00, Lin 0-1 t=0.526
-70.664, 41.483, 60.187, -132.156, -26.558, 45.318, CRUISE, 192.67, -734.02, 956.72, 90.15, 0.08, -0.02, 0, 50.0, 30.0, , +0.00, +0.00, Lin 0-1 t=0.537
-70.202, 41.291, 60.108, -131.596, -26.959, 44.857, CRUISE, 197.65, -734.02, 956.72, 90.15, 0.08, -0.02, 0, 50.0, 30.0, , +0.00, +0.00, Lin 0-1 t=0.547
-69.743, 41.096, 60.028, -131.056, -27.361, 44.418, CRUISE, 202.64, -734.02, 956.72, 90.15, 0.08, -0.02, 0, 50.0, 30.0, , +0.00, +0.00, Lin 0-1 t=0.558
-69.286, 40.897, 59.946, -130.537, -27.764, 44.000, CRUISE, 207.62, -734.02, 956.72, 90.15, 0.08, -0.02, 0, 50.0, 30.0, , +0.00, +0.00, Lin 0-1 t=0.568
-68.832, 40.694, 59.861, -130.036, -28.168, 43.601, CRUISE, 212.61, -734.02, 956.72, 90.15, 0.08, -0.02, 0, 50.0, 30.0, , +0.00, +0.00, Lin 0-1 t=0.579
-68.381, 40.487, 59.775, -129.554, -28.572, 43.222, CRUISE, 217.59, -734.02, 956.72, 90.15, 0.08, -0.02, 0, 50.0, 30.0, , +0.00, +0.00, Lin 0-1 t=0.589
-67.933, 40.277, 59.687, -129.090, -28.977, 42.861, CRUISE, 222.58, -734.02, 956.72, 90.15, 0.08, -0.02, 0, 50.0, 30.0, , +0.00, +0.00, Lin 0-1 t=0.600
-67.488, 40.064, 59.597, -128.641, -29.381, 42.518, CRUISE, 227.57, -734.02, 956.72, 90.15, 0.08, -0.02, 0, 50.0, 30.0, , +0.00, +0.00, Lin 0-1 t=0.611
-67.045, 39.847, 59.506, -128.209, -29.786, 42.191, CRUISE, 232.55, -734.02, 956.72, 90.15, 0.08, -0.02, 0, 50.0, 30.0, , +0.00, +0.00, Lin 0-1 t=0.621
-66.605, 39.627, 59.412, -127.791, -30.189, 41.881, CRUISE, 237.54, -734.02, 956.72, 90.15, 0.08, -0.02, 0, 50.0, 30.0, , +0.00, +0.00, Lin 0-1 t=0.632
-66.169, 39.404, 59.316, -127.388, -30.593, 41.585, CRUISE, 242.52, -734.02, 956.72, 90.15, 0.08, -0.02, 0, 50.0, 30.0, , +0.00, +0.00, Lin 0-1 t=0.642
-65.735, 39.178, 59.219, -126.999, -30.996, 41.304, CRUISE, 247.51, -734.02, 956.72, 90.15, 0.08, -0.02, 0, 50.0, 30.0, , +0.00, +0.00, Lin 0-1 t=0.653
-65.304, 38.948, 59.119, -126.622, -31.398, 41.037, CRUISE, 252.49, -734.02, 956.72, 90.15, 0.08, -0.02, 0, 50.0, 30.0, , +0.00, +0.00, Lin 0-1 t=0.663
-64.876, 38.716, 59.018, -126.258, -31.799, 40.783, CRUISE, 257.48, -734.02, 956.72, 90.15, 0.08, -0.02, 0, 50.0, 30.0, , +0.00, +0.00, Lin 0-1 t=0.674
-64.451, 38.480, 58.915, -125.906, -32.198, 40.542, CRUISE, 262.46, -734.02, 956.72, 90.15, 0.08, -0.02, 0, 50.0, 30.0, , +0.00, +0.00, Lin 0-1 t=0.684
-64.029, 38.242, 58.810, -125.564, -32.597, 40.314, CRUISE, 267.45, -734.02, 956.72, 90.15, 0.08, -0.02, 0, 50.0, 30.0, , +0.00, +0.00, Lin 0-1 t=0.695
-63.610, 38.001, 58.704, -125.234, -32.994, 40.096, CRUISE, 272.43, -734.02, 956.72, 90.15, 0.08, -0.02, 0, 50.0, 30.0, , +0.00, +0.00, Lin 0-1 t=0.705
-63.194, 37.758, 58.595, -124.914, -33.390, 39.890, CRUISE, 277.42, -734.02, 956.72, 90.15, 0.08, -0.02, 0, 50.0, 30.0, , +0.00, +0.00, Lin 0-1 t=0.716
-62.781, 37.511, 58.485, -124.604, -33.785, 39.694, CRUISE, 282.40, -734.02, 956.72, 90.15, 0.08, -0.02, 0, 50.0, 30.0, , +0.00, +0.00, Lin 0-1 t=0.726
-62.371, 37.263, 58.373, -124.303, -34.178, 39.509, CRUISE, 287.39, -734.02, 956.72, 90.15, 0.08, -0.02, 0, 50.0, 30.0, , +0.00, +0.00, Lin 0-1 t=0.737
-61.964, 37.011, 58.259, -124.010, -34.569, 39.333, CRUISE, 292.37, -734.02, 956.72, 90.15, 0.08, -0.02, 0, 50.0, 30.0, , +0.00, +0.00, Lin 0-1 t=0.747
-61.560, 36.757, 58.143, -123.727, -34.958, 39.166, CRUISE, 297.36, -734.02, 956.72, 90.15, 0.08, -0.02, 0, 50.0, 30.0, , +0.00, +0.00, Lin 0-1 t=0.758
-61.160, 36.501, 58.025, -123.451, -35.345, 39.008, CRUISE, 302.34, -734.02, 956.72, 90.15, 0.08, -0.02, 0, 50.0, 30.0, , +0.00, +0.00, Lin 0-1 t=0.768
-60.762, 36.243, 57.906, -123.183, -35.731, 38.858, CRUISE, 307.33, -734.02, 956.72, 90.15, 0.08, -0.02, 0, 50.0, 30.0, , +0.00, +0.00, Lin 0-1 t=0.779
-60.367, 35.982, 57.785, -122.922, -36.114, 38.717, CRUISE, 312.31, -734.02, 956.72, 90.15, 0.08, -0.02, 0, 50.0, 30.0, , +0.00, +0.00, Lin 0-1 t=0.789
-59.976, 35.720, 57.662, -122.668, -36.495, 38.583, CRUISE, 317.30, -734.02, 956.72, 90.15, 0.08, -0.02, 0, 50.0, 30.0, , +0.00, +0.00, Lin 0-1 t=0.800
-59.587, 35.455, 57.537, -122.421, -36.874, 38.457, CRUISE, 322.29, -734.02, 956.72, 90.15, 0.08, -0.02, 0, 50.0, 30.0, , +0.00, +0.00, Lin 0-1 t=0.811
-59.202, 35.188, 57.411, -122.181, -37.251, 38.337, CRUISE, 327.27, -734.02, 956.72, 90.15, 0.08, -0.02, 0, 50.0, 30.0, , +0.00, +0.00, Lin 0-1 t=0.821
-58.820, 34.919, 57.283, -121.946, -37.625, 38.224, CRUISE, 332.26, -734.02, 956.72, 90.15, 0.08, -0.02, 0, 50.0, 30.0, , +0.00, +0.00, Lin 0-1 t=0.832
-58.440, 34.649, 57.153, -121.717, -37.997, 38.118, DECEL, 337.24, -734.02, 956.72, 90.15, 0.08, -0.02, 0, 50.0, 30.0, , +0.00, +0.00, Lin 0-1 t=0.842
-58.064, 34.376, 57.022, -121.494, -38.367, 38.017, DECEL, 342.23, -734.02, 956.72, 90.15, 0.08, -0.02, 0, 50.0, 30.0, , +0.00, +0.00, Lin 0-1 t=0.853
-57.691, 34.102, 56.888, -121.276, -38.734, 37.923, DECEL, 347.21, -734.02, 956.72, 90.15, 0.08, -0.02, 0, 50.0, 30.0, , +0.00, +0.00, Lin 0-1 t=0.863
-57.321, 33.826, 56.754, -121.063, -39.099, 37.834, DECEL, 352.20, -734.02, 956.72, 90.15, 0.08, -0.02, 0, 50.0, 30.0, , +0.00, +0.00, Lin 0-1 t=0.874
-56.954, 33.549, 56.617, -120.855, -39.461, 37.750, DECEL, 357.18, -734.02, 956.72, 90.15, 0.08, -0.02, 0, 50.0, 30.0, , +0.00, +0.00, Lin 0-1 t=0.884
-56.590, 33.270, 56.479, -120.651, -39.821, 37.671, DECEL, 362.17, -734.02, 956.72, 90.15, 0.08, -0.02, 0, 50.0, 30.0, , +0.00, +0.00, Lin 0-1 t=0.895
-56.229, 32.989, 56.339, -120.452, -40.178, 37.598, DECEL, 367.15, -734.02, 956.72, 90.15, 0.08, -0.02, 0, 50.0, 30.0, , +0.00, +0.00, Lin 0-1 t=0.905
-55.871, 32.707, 56.197, -120.257, -40.533, 37.528, DECEL, 372.14, -734.02, 956.72, 90.15, 0.08, -0.02, 0, 50.0, 30.0, , +0.00, +0.00, Lin 0-1 t=0.916
-55.516, 32.424, 56.054, -120.065, -40.884, 37.463, DECEL, 377.12, -734.02, 956.72, 90.15, 0.08, -0.02, 0, 50.0, 30.0, , +0.00, +0.00, Lin 0-1 t=0.926
-55.164, 32.139, 55.909, -119.878, -41.233, 37.403, DECEL, 382.11, -734.02, 956.72, 90.15, 0.08, -0.02, 0, 50.0, 30.0, , +0.00, +0.00, Lin 0-1 t=0.937
-54.815, 31.853, 55.763, -119.695, -41.580, 37.346, DECEL, 387.09, -734.02, 956.72, 90.15, 0.08, -0.02, 0, 50.0, 30.0, , +0.00, +0.00, Lin 0-1 t=0.947
-54.469, 31.566, 55.614, -119.514, -41.923, 37.293, DECEL, 392.08, -734.02, 956.72, 90.15, 0.08, -0.02, 0, 50.0, 30.0, , +0.00, +0.00, Lin 0-1 t=0.958
-54.126, 31.278, 55.465, -119.338, -42.264, 37.244, DECEL, 397.06, -734.02, 956.72, 90.15, 0.08, -0.02, 0, 50.0, 30.0, , +0.00, +0.00, Lin 0-1 t=0.968
-53.786, 30.988, 55.313, -119.164, -42.602, 37.198, DECEL, 402.05, -734.02, 956.72, 90.15, 0.08, -0.02, 0, 50.0, 30.0, , +0.00, +0.00, Lin 0-1 t=0.979
-53.448, 30.698, 55.161, -118.993, -42.937, 37.155, DECEL, 407.03, -734.02, 956.72, 90.15, 0.08, -0.02, 0, 50.0, 30.0, , +0.00, +0.00, Lin 0-1 t=0.989
-53.114, 30.406, 55.006, -118.826, -43.270, 37.115, ACCEL, 412.02, -734.02, 956.72, 90.15, 0.08, -0.02, 0, 50.0, 30.0, , +0.00, +0.00, Lin 1-2 t=0.000
-53.109, 30.592, 54.812, -118.467, -43.092, 36.626, ACCEL, 412.02, -734.02, 961.71, 90.15, 0.08, -0.02, 0, 50.0, 30.0, , +0.00, +0.00, Lin 1-2 t=0.017
-53.109, 30.781, 54.616, -118.103, -42.910, 36.129, ACCEL, 412.02, -734.02, 966.70, 90.15, 0.08, -0.02, 0, 50.0, 30.0, , +0.00, +0.00, Lin 1-2 t=0.034
-53.109, 30.966, 54.419, -117.738, -42.731, 35.632, ACCEL, 412.02, -734.02, 971.69, 90.15, 0.08, -0.02, 0, 50.0, 30.0, , +0.00, +0.00, Lin 1-2 t=0.051
-53.109, 31.147, 54.220, -117.372, -42.555, 35.134, ACCEL, 412.02, -734.02, 976.68, 90.15, 0.08, -0.02, 0, 50.0, 30.0, , +0.00, +0.00, Lin 1-2 t=0.068
-53.109, 31.324, 54.019, -117.005, -42.382, 34.636, ACCEL, 412.02, -734.02, 981.67, 90.15, 0.08, -0.02, 0, 50.0, 30.0, , +0.00, +0.00, Lin 1-2 t=0.085
-53.109, 31.497, 53.816, -116.637, -42.213, 34.139, ACCEL, 412.02, -734.02, 986.66, 90.15, 0.08, -0.02, 0, 50.0, 30.0, , +0.00, +0.00, Lin 1-2 t=0.102
-53.109, 31.666, 53.612, -116.268, -42.047, 33.641, ACCEL, 412.02, -734.02, 991.65, 90.15, 0.08, -0.02, 0, 50.0, 30.0, , +0.00, +0.00, Lin 1-2 t=0.119
-53.109, 31.831, 53.407, -115.897, -41.884, 33.143, ACCEL, 412.02, -734.02, 996.64, 90.15, 0.08, -0.02, 0, 50.0, 30.0, , +0.00, +0.00, Lin 1-2 t=0.136
-53.109, 31.992, 53.200, -115.526, -41.724, 32.645, CRUISE, 412.02, -734.02, 1001.63, 90.15, 0.08, -0.02, 0, 50.0, 30.0, , +0.00, +0.00, Lin 1-2 t=0.153
-53.109, 32.150, 52.991, -115.154, -41.567, 32.146, CRUISE, 412.02, -734.02, 1006.62, 90.15, 0.08, -0.02, 0, 50.0, 30.0, , +0.00, +0.00, Lin 1-2 t=0.169
-53.109, 32.304, 52.781, -114.781, -41.414, 31.648, CRUISE, 412.02, -734.02, 1011.61, 90.15, 0.08, -0.02, 0, 50.0, 30.0, , +0.00, +0.00, Lin 1-2 t=0.186
-53.109, 32.454, 52.569, -114.407, -41.263, 31.150, CRUISE, 412.02, -734.02, 1016.60, 90.15, 0.08, -0.02, 0, 50.0, 30.0, , +0.00, +0.00, Lin 1-2 t=0.203
-53.109, 32.601, 52.356, -114.032, -41.115, 30.652, CRUISE, 412.02, -734.02, 1021.59, 90.15, 0.08, -0.02, 0, 50.0, 30.0, , +0.00, +0.00, Lin 1-2 t=0.220
-53.109, 32.744, 52.142, -113.656, -40.971, 30.154, CRUISE, 412.02, -734.02, 1026.58, 90.15, 0.08, -0.02, 0, 50.0, 30.0, , +0.00, +0.00, Lin 1-2 t=0.237
-53.109, 32.883, 51.926, -113.280, -40.829, 29.656, CRUISE, 412.02, -734.02, 1031.57, 90.15, 0.08, -0.02, 0, 50.0, 30.0, , +0.00, +0.00, Lin 1-2 t=0.254
-53.109, 33.019, 51.709, -112.903, -40.691, 29.159, CRUISE, 412.02, -734.02, 1036.56, 90.15, 0.08, -0.02, 0, 50.0, 30.0, , +0.00, +0.00, Lin 1-2 t=0.271
-53.109, 33.152, 51.490, -112.525, -40.555, 28.661, CRUISE, 412.02, -734.02, 1041.55, 90.15, 0.08, -0.02, 0, 50.0, 30.0, , +0.00, +0.00, Lin 1-2 t=0.288
-53.109, 33.281, 51.270, -112.147, -40.423, 28.164, CRUISE, 412.02, -734.02, 1046.54, 90.15, 0.08, -0.02, 0, 50.0, 30.0, , +0.00, +0.00, Lin 1-2 t=0.305
-53.109, 33.406, 51.048, -111.768, -40.293, 27.667, CRUISE, 412.02, -734.02, 1051.53, 90.15, 0.08, -0.02, 0, 50.0, 30.0, , +0.00, +0.00, Lin 1-2 t=0.322
-53.109, 33.528, 50.825, -111.389, -40.166, 27.170, CRUISE, 412.02, -734.02, 1056.52, 90.15, 0.08, -0.02, 0, 50.0, 30.0, , +0.00, +0.00, Lin 1-2 t=0.339
-53.109, 33.647, 50.601, -111.009, -40.042, 26.673, CRUISE, 412.02, -734.02, 1061.51, 90.15, 0.08, -0.02, 0, 50.0, 30.0, , +0.00, +0.00, Lin 1-2 t=0.356
-53.109, 33.763, 50.376, -110.629, -39.920, 26.177, CRUISE, 412.02, -734.02, 1066.50, 90.15, 0.08, -0.02, 0, 50.0, 30.0, , +0.00, +0.00, Lin 1-2 t=0.373
-53.109, 33.875, 50.149, -110.248, -39.802, 25.681, CRUISE, 412.02, -734.02, 1071.49, 90.15, 0.08, -0.02, 0, 50.0, 30.0, , +0.00, +0.00, Lin 1-2 t=0.390
-53.109, 33.985, 49.921, -109.867, -39.686, 25.185, CRUISE, 412.02, -734.02, 1076.48, 90.15, 0.08, -0.02, 0, 50.0, 30.0, , +0.00, +0.00, Lin 1-2 t=0.407
-53.109, 34.091, 49.691, -109.485, -39.573, 24.690, CRUISE, 412.02, -734.02, 1081.47, 90.15, 0.08, -0.02, 0, 50.0, 30.0, , +0.00, +0.00, Lin 1-2 t=0.424
-53.109, 34.194, 49.461, -109.104, -39.463, 24.195, CRUISE, 412.02, -734.02, 1086.46, 90.15, 0.08, -0.02, 0, 50.0, 30.0, , +0.00, +0.00, Lin 1-2 t=0.441
-53.109, 34.294, 49.229, -108.722, -39.356, 23.700, CRUISE, 412.02, -734.02, 1091.45, 90.15, 0.08, -0.02, 0, 50.0, 30.0, , +0.00, +0.00, Lin 1-2 t=0.458
-53.109, 34.390, 48.995, -108.339, -39.251, 23.206, CRUISE, 412.02, -734.02, 1096.44, 90.15, 0.08, -0.02, 0, 50.0, 30.0, , +0.00, +0.00, Lin 1-2 t=0.475
-53.109, 34.484, 48.761, -107.957, -39.148, 22.713, CRUISE, 412.02, -734.02, 1101.43, 90.15, 0.08, -0.02, 0, 50.0, 30.0, , +0.00, +0.00, Lin 1-2 t=0.492
-53.109, 34.575, 48.525, -107.574, -39.049, 22.220, CRUISE, 412.02, -734.02, 1106.41, 90.15, 0.08, -0.02, 0, 50.0, 30.0, , +0.00, +0.00, Lin 1-2 t=0.508
-53.109, 34.663, 48.288, -107.192, -38.952, 21.727, CRUISE, 412.02, -734.02, 1111.40, 90.15, 0.08, -0.02, 0, 50.0, 30.0, , +0.00, +0.00, Lin 1-2 t=0.525
-53.109, 34.748, 48.050, -106.809, -38.857, 21.235, CRUISE, 412.02, -734.02, 1116.39, 90.15, 0.08, -0.02, 0, 50.0, 30.0, , +0.00, +0.00, Lin 1-2 t=0.542
-53.109, 34.830, 47.811, -106.426, -38.765, 20.744, CRUISE, 412.02, -734.02, 1121.38, 90.15, 0.08, -0.02, 0, 50.0, 30.0, , +0.00, +0.00, Lin 1-2 t=0.559
-53.109, 34.909, 47.570, -106.043, -38.676, 20.253, CRUISE, 412.02, -734.02, 1126.37, 90.15, 0.08, -0.02, 0, 50.0, 30.0, , +0.00, +0.00, Lin 1-2 t=0.576
-53.109, 34.985, 47.329, -105.660, -38.589, 19.763, CRUISE, 412.02, -734.02, 1131.36, 90.15, 0.08, -0.02, 0, 50.0, 30.0, , +0.00, +0.00, Lin 1-2 t=0.593
-53.109, 35.059, 47.086, -105.277, -38.505, 19.274, CRUISE, 412.02, -734.02, 1136.35, 90.15, 0.08, -0.02, 0, 50.0, 30.0, , +0.00, +0.00, Lin 1-2 t=0.610
-53.109, 35.130, 46.842, -104.895, -38.423, 18.785, CRUISE, 412.02, -734.02, 1141.34, 90.15, 0.08, -0.02, 0, 50.0, 30.0, , +0.00, +0.00, Lin 1-2 t=0.627
-53.109, 35.198, 46.597, -104.512, -38.343, 18.297, CRUISE, 412.02, -734.02, 1146.33, 90.15, 0.08, -0.02, 0, 50.0, 30.0, , +0.00, +0.00, Lin 1-2 t=0.644
-53.109, 35.264, 46.350, -104.130, -38.266, 17.810, CRUISE, 412.02, -734.02, 1151.32, 90.15, 0.08, -0.02, 0, 50.0, 30.0, , +0.00, +0.00, Lin 1-2 t=0.661
-53.109, 35.326, 46.103, -103.747, -38.191, 17.323, CRUISE, 412.02, -734.02, 1156.31, 90.15, 0.08, -0.02, 0, 50.0, 30.0, , +0.00, +0.00, Lin 1-2 t=0.678
-53.109, 35.387, 45.855, -103.365, -38.119, 16.837, CRUISE, 412.02, -734.02, 1161.30, 90.15, 0.08, -0.02, 0, 50.0, 30.0, , +0.00, +0.00, Lin 1-2 t=0.695
-53.109, 35.444, 45.605, -102.984, -38.049, 16.352, CRUISE, 412.02, -734.02, 1166.29, 90.15, 0.08, -0.02, 0, 50.0, 30.0, , +0.00, +0.00, Lin 1-2 t=0.712
-53.109, 35.499, 45.354, -102.602, -37.981, 15.868, CRUISE, 412.02, -734.02, 1171.28, 90.15, 0.08, -0.02, 0, 50.0, 30.0, , +0.00, +0.00, Lin 1-2 t=0.729
-53.109, 35.552, 45.102, -102.221, -37.916, 15.384, CRUISE, 412.02, -734.02, 1176.27, 90.15, 0.08, -0.02, 0, 50.0, 30.0, , +0.00, +0.00, Lin 1-2 t=0.746
-53.109, 35.602, 44.850, -101.840, -37.853, 14.902, CRUISE, 412.02, -734.02, 1181.26, 90.15, 0.08, -0.02, 0, 50.0, 30.0, , +0.00, +0.00, Lin 1-2 t=0.763
-53.109, 35.650, 44.596, -101.460, -37.792, 14.420, CRUISE, 412.02, -734.02, 1186.25, 90.15, 0.08, -0.02, 0, 50.0, 30.0, , +0.00, +0.00, Lin 1-2 t=0.780
-53.109, 35.695, 44.341, -101.079, -37.733, 13.939, CRUISE, 412.02, -734.02, 1191.24, 90.15, 0.08, -0.02, 0, 50.0, 30.0, , +0.00, +0.00, Lin 1-2 t=0.797
-53.109, 35.738, 44.085, -100.700, -37.677, 13.460, CRUISE, 412.02, -734.02, 1196.23, 90.15, 0.08, -0.02, 0, 50.0, 30.0, , +0.00, +0.00, Lin 1-2 t=0.814
-53.109, 35.778, 43.827, -100.321, -37.622, 12.981, CRUISE, 412.02, -734.02, 1201.22, 90.15, 0.08, -0.02, 0, 50.0, 30.0, , +0.00, +0.00, Lin 1-2 t=0.831
-53.109, 35.816, 43.569, -99.942, -37.570, 12.503, DECEL, 412.02, -734.02, 1206.21, 90.15, 0.08, -0.02, 0, 50.0, 30.0, , +0.00, +0.00, Lin 1-2 t=0.847
-53.109, 35.852, 43.310, -99.564, -37.520, 12.026, DECEL, 412.02, -734.02, 1211.20, 90.15, 0.08, -0.02, 0, 50.0, 30.0, , +0.00, +0.00, Lin 1-2 t=0.864
-53.109, 35.885, 43.050, -99.186, -37.472, 11.550, DECEL, 412.02, -734.02, 1216.19, 90.15, 0.08, -0.02, 0, 50.0, 30.0, , +0.00, +0.00, Lin 1-2 t=0.881
-53.109, 35.917, 42.789, -98.809, -37.427, 11.075, DECEL, 412.02, -734.02, 1221.18, 90.15, 0.08, -0.02, 0, 50.0, 30.0, , +0.00, +0.00, Lin 1-2 t=0.898
-53.109, 35.945, 42.526, -98.433, -37.383, 10.601, DECEL, 412.02, -734.02, 1226.17, 90.15, 0.08, -0.02, 0, 50.0, 30.0, , +0.00, +0.00, Lin 1-2 t=0.915
-53.109, 35.972, 42.263, -98.057, -37.342, 10.128, DECEL, 412.02, -734.02, 1231.16, 90.15, 0.08, -0.02, 0, 50.0, 30.0, , +0.00, +0.00, Lin 1-2 t=0.932
-53.109, 35.997, 41.999, -97.681, -37.302, 9.656, DECEL, 412.02, -734.02, 1236.15, 90.15, 0.08, -0.02, 0, 50.0, 30.0, , +0.00, +0.00, Lin 1-2 t=0.949
-53.109, 36.019, 41.734, -97.307, -37.264, 9.185, DECEL, 412.02, -734.02, 1241.14, 90.15, 0.08, -0.02, 0, 50.0, 30.0, , +0.00, +0.00, Lin 1-2 t=0.966
-53.109, 36.039, 41.467, -96.933, -37.229, 8.716, DECEL, 412.02, -734.02, 1246.13, 90.15, 0.08, -0.02, 0, 50.0, 30.0, , +0.00, +0.00, Lin 1-2 t=0.983
-53.109, 36.057, 41.200, -96.560, -37.195, 8.247, ACCEL, 412.02, -734.02, 1251.12, 90.15, 0.08, -0.02, 0, 50.0, 30.0, , +0.00, +0.00, Lin 2-3 t=0.000
-53.432, 36.295, 41.313, -96.473, -36.861, 8.102, ACCEL, 407.12, -734.02, 1251.12, 90.15, 0.08, -0.02, 0, 50.0, 30.0, , +0.00, +0.00, Lin 2-3 t=0.021
-53.764, 36.534, 41.430, -96.388, -36.520, 7.961, ACCEL, 402.22, -734.02, 1251.12, 90.15, 0.08, -0.02, 0, 50.0, 30.0, , +0.00, +0.00, Lin 2-3 t=0.043
-54.098, 36.772, 41.546, -96.301, -36.175, 7.818, ACCEL, 397.31, -734.02, 1251.12, 90.15, 0.08, -0.02, 0, 50.0, 30.0, , +0.00, +0.00, Lin 2-3 t=0.064
-54.435, 37.009, 41.660, -96.212, -35.828, 7.674, ACCEL, 392.41, -734.02, 1251.12, 90.15, 0.08, -0.02, 0, 50.0, 30.0, , +0.00, +0.00, Lin 2-3 t=0.085
-54.775, 37.244, 41.773, -96.122, -35.478, 7.529, ACCEL, 387.51, -734.02, 1251.12, 90.15, 0.08, -0.02, 0, 50.0, 30.0, , +0.00, +0.00, Lin 2-3 t=0.106
-55.118, 37.477, 41.885, -96.028, -35.125, 7.382, ACCEL, 382.61, -734.02, 1251.12, 90.15, 0.08, -0.02, 0, 50.0, 30.0, , +0.00, +0.00, Lin 2-3 t=0.128
-55.463, 37.709, 41.995, -95.933, -34.770, 7.234, CRUISE, 377.71, -734.02, 1251.12, 90.15, 0.08, -0.02, 0, 50.0, 30.0, , +0.00, +0.00, Lin 2-3 t=0.149
-55.812, 37.939, 42.104, -95.836, -34.411, 7.084, CRUISE, 372.80, -734.02, 1251.12, 90.15, 0.08, -0.02, 0, 50.0, 30.0, , +0.00, +0.00, Lin 2-3 t=0.170
-56.164, 38.167, 42.212, -95.736, -34.050, 6.933, CRUISE, 367.90, -734.02, 1251.12, 90.15, 0.08, -0.02, 0, 50.0, 30.0, , +0.00, +0.00, Lin 2-3 t=0.191
-56.518, 38.394, 42.318, -95.634, -33.686, 6.781, CRUISE, 363.00, -734.02, 1251.12, 90.15, 0.08, -0.02, 0, 50.0, 30.0, , +0.00, +0.00, Lin 2-3 t=0.213
-56.875, 38.618, 42.422, -95.530, -33.320, 6.627, CRUISE, 358.10, -734.02, 1251.12, 90.15, 0.08, -0.02, 0, 50.0, 30.0, , +0.00, +0.00, Lin 2-3 t=0.234
-57.236, 38.842, 42.525, -95.423, -32.951, 6.471, CRUISE, 353.19, -734.02, 1251.12, 90.15, 0.08, -0.02, 0, 50.0, 30.0, , +0.00, +0.00, Lin 2-3 t=0.255
-57.599, 39.063, 42.627, -95.314, -32.579, 6.314, CRUISE, 348.29, -734.02, 1251.12, 90.15, 0.08, -0.02, 0, 50.0, 30.0, , +0.00, +0.00, Lin 2-3 t=0.277
-57.965, 39.282, 42.727, -95.202, -32.204, 6.155, CRUISE, 343.39, -734.02, 1251.12, 90.15, 0.08, -0.02, 0, 50.0, 30.0, , +0.00, +0.00, Lin 2-3 t=0.298
-58.334, 39.500, 42.826, -95.088, -31.826, 5.995, CRUISE, 338.49, -734.02, 1251.12, 90.15, 0.08, -0.02, 0, 50.0, 30.0, , +0.00, +0.00, Lin 2-3 t=0.319
-58.706, 39.715, 42.924, -94.971, -31.446, 5.833, CRUISE, 333.59, -734.02, 1251.12, 90.15, 0.08, -0.02, 0, 50.0, 30.0, , +0.00, +0.00, Lin 2-3 t=0.340
-59.081, 39.928, 43.020, -94.852, -31.063, 5.669, CRUISE, 328.68, -734.02, 1251.12, 90.15, 0.08, -0.02, 0, 50.0, 30.0, , +0.00, +0.00, Lin 2-3 t=0.362
-59.459, 40.140, 43.114, -94.730, -30.677, 5.504, CRUISE, 323.78, -734.02, 1251.12, 90.15, 0.08, -0.02, 0, 50.0, 30.0, , +0.00, +0.00, Lin 2-3 t=0.383
-59.840, 40.349, 43.208, -94.605, -30.288, 5.336, CRUISE, 318.88, -734.02, 1251.12, 90.15, 0.08, -0.02, 0, 50.0, 30.0, , +0.00, +0.00, Lin 2-3 t=0.404
-60.224, 40.557, 43.299, -94.478, -29.897, 5.167, CRUISE, 313.98, -734.02, 1251.12, 90.15, 0.08, -0.02, 0, 50.0, 30.0, , +0.00, +0.00, Lin 2-3 t=0.426
-60.611, 40.762, 43.390, -94.347, -29.502, 4.996, CRUISE, 309.08, -734.02, 1251.12, 90.15, 0.08, -0.02, 0, 50.0, 30.0, , +0.00, +0.00, Lin 2-3 t=0.447
-61.001, 40.965, 43.479, -94.214, -29.105, 4.823, CRUISE, 304.17, -734.02, 1251.12, 90.15, 0.08, -0.02, 0, 50.0, 30.0, , +0.00, +0.00, Lin 2-3 t=0.468
-61.394, 41.165, 43.566, -94.078, -28.706, 4.648, CRUISE, 299.27, -734.02, 1251.12, 90.15, 0.08, -0.02, 0, 50.0, 30.0, , +0.00, +0.00, Lin 2-3 t=0.489
-61.789, 41.364, 43.652, -93.938, -28.303, 4.471, CRUISE, 294.37, -734.02, 1251.12, 90.15, 0.08, -0.02, 0, 50.0, 30.0, , +0.00, +0.00, Lin 2-3 t=0.511
-62.188, 41.560, 43.737, -93.796, -27.898, 4.292, CRUISE, 289.47, -734.02, 1251.12, 90.15, 0.08, -0.02, 0, 50.0, 30.0, , +0.00, +0.00, Lin 2-3 t=0.532
-62.590, 41.754, 43.820, -93.650, -27.491, 4.111, CRUISE, 284.56, -734.02, 1251.12, 90.15, 0.08, -0.02, 0, 50.0, 30.0, , +0.00, +0.00, Lin 2-3 t=0.553
-62.995, 41.945, 43.902, -93.501, -27.080, 3.927, CRUISE, 279.66, -734.02, 1251.12, 90.15, 0.08, -0.02, 0, 50.0, 30.0, , +0.00, +0.00, Lin 2-3 t=0.574
-63.402, 42.134, 43.982, -93.348, -26.667, 3.740, CRUISE, 274.76, -734.02, 1251.12, 90.15, 0.08, -0.02, 0, 50.0, 30.0, , +0.00, +0.00, Lin 2-3 t=0.596
-63.813, 42.321, 44.061, -93.192, -26.251, 3.552, CRUISE, 269.86, -734.02, 1251.12, 90.15, 0.08, -0.02, 0, 50.0, 30.0, , +0.00, +0.00, Lin 2-3 t=0.617
-64.226, 42.505, 44.138, -93.032, -25.833, 3.360, CRUISE, 264.96, -734.02, 1251.12, 90.15, 0.08, -0.02, 0, 50.0, 30.0, , +0.00, +0.00, Lin 2-3 t=0.638
-64.642, 42.687, 44.214, -92.868, -25.412, 3.166, CRUISE, 260.05, -734.02, 1251.12, 90.15, 0.08, -0.02, 0, 50.0, 30.0, , +0.00, +0.00, Lin 2-3 t=0.660
-65.062, 42.865, 44.289, -92.700, -24.988, 2.969, CRUISE, 255.15, -734.02, 1251.12, 90.15, 0.08, -0.02, 0, 50.0, 30.0, , +0.00, +0.00, Lin 2-3 t=0.681
-65.484, 43.042, 44.362, -92.529, -24.562, 2.768, CRUISE, 250.25, -734.02, 1251.12, 90.15, 0.08, -0.02, 0, 50.0, 30.0, , +0.00, +0.00, Lin 2-3 t=0.702
-65.909, 43.216, 44.434, -92.353, -24.133, 2.565, CRUISE, 245.35, -734.02, 1251.12, 90.15, 0.08, -0.02, 0, 50.0, 30.0, , +0.00, +0.00, Lin 2-3 t=0.723
-66.336, 43.387, 44.504, -92.173, -23.702, 2.358, CRUISE, 240.45, -734.02, 1251.12, 90.15, 0.08, -0.02, 0, 50.0, 30.0, , +0.00, +0.00, Lin 2-3 t=0.745
-66.767, 43.555, 44.573, -91.988, -23.268, 2.148, CRUISE, 235.54, -734.02, 1251.12, 90.15, 0.08, -0.02, 0, 50.0, 30.0, , +0.00, +0.00, Lin 2-3 t=0.766
-67.200, 43.720, 44.640, -91.798, -22.832, 1.934, CRUISE, 230.64, -734.02, 1251.12, 90.15, 0.08, -0.02, 0, 50.0, 30.0, , +0.00, +0.00, Lin 2-3 t=0.787
-67.636, 43.883, 44.706, -91.604, -22.393, 1.716, CRUISE, 225.74, -734.02, 1251.12, 90.15, 0.08, -0.02, 0, 50.0, 30.0, , +0.00, +0.00, Lin 2-3 t=0.809
-68.075, 44.043, 44.770, -91.404, -21.952, 1.494, CRUISE, 220.84, -734.02, 1251.12, 90.15, 0.08, -0.02, 0, 50.0, 30.0, , +0.00, +0.00, Lin 2-3 t=0.830
-68.517, 44.200, 44.834, -91.198, -21.508, 1.267, DECEL, 215.93, -734.02, 1251.12, 90.15, 0.08, -0.02, 0, 50.0, 30.0, , +0.00, +0.00, Lin 2-3 t=0.851
-68.961, 44.354, 44.895, -90.987, -21.062, 1.036, DECEL, 211.03, -734.02, 1251.12, 90.15, 0.08, -0.02, 0, 50.0, 30.0, , +0.00, +0.00, Lin 2-3 t=0.872
-69.408, 44.505, 44.955, -90.770, -20.614, 0.799, DECEL, 206.13, -734.02, 1251.12, 90.15, 0.08, -0.02, 0, 50.0, 30.0, , +0.00, +0.00, Lin 2-3 t=0.894
-69.858, 44.654, 45.014, -90.547, -20.163, 0.558, DECEL, 201.23, -734.02, 1251.12, 90.15, 0.08, -0.02, 0, 50.0, 30.0, , +0.00, +0.00, Lin 2-3 t=0.915
-70.310, 44.799, 45.072, -90.317, -19.710, 0.310, DECEL, 196.33, -734.02, 1251.12, 90.15, 0.08, -0.02, 0, 50.0, 30.0, , +0.00, +0.00, Lin 2-3 t=0.936
-70.765, 44.941, 45.127, -90.079, -19.255, 0.056, DECEL, 191.42, -734.02, 1251.12, 90.15, 0.08, -0.02, 0, 50.0, 30.0, , +0.00, +0.00, Lin 2-3 t=0.957
-71.222, 45.080, 45.182, -89.834, -18.798, -0.204, DECEL, 186.52, -734.02, 1251.12, 90.15, 0.08, -0.02, 0, 50.0, 30.0, , +0.00, +0.00, Lin 2-3 t=0.979
-71.682, 45.216, 45.235, -89.581, -18.339, -0.471, ACCEL, 181.62, -734.02, 1251.12, 90.15, 0.08, -0.02, 0, 50.0, 30.0, , +0.00, +0.00, Lin 3-4 t=0.000
-71.689, 45.238, 45.521, -90.377, -18.331, 0.367, ACCEL, 181.62, -734.02, 1246.03, 90.15, 0.08, -0.02, 0, 50.0, 30.0, , +0.00, +0.00, Lin 3-4 t=0.026
-71.689, 45.256, 45.809, -91.192, -18.335, 1.226, ACCEL, 181.62, -734.02, 1240.95, 90.15, 0.08, -0.02, 0, 50.0, 30.0, , +0.00, +0.00, Lin 3-4 t=0.051
-71.689, 45.272, 46.097, -92.011, -18.343, 2.089, ACCEL, 181.62, -734.02, 1235.86, 90.15, 0.08, -0.02, 0, 50.0, 30.0, , +0.00, +0.00, Lin 3-4 t=0.077
-71.689, 45.287, 46.384, -92.833, -18.354, 2.954, ACCEL, 181.62, -734.02, 1230.77, 90.15, 0.08, -0.02, 0, 50.0, 30.0, , +0.00, +0.00, Lin 3-4 t=0.103
-71.689, 45.299, 46.670, -93.657, -18.370, 3.823, ACCEL, 181.62, -734.02, 1225.68, 90.15, 0.08, -0.02, 0, 50.0, 30.0, , +0.00, +0.00, Lin 3-4 t=0.128
-71.689, 45.309, 46.955, -94.484, -18.389, 4.693, CRUISE, 181.62, -734.02, 1220.60, 90.15, 0.08, -0.02, 0, 50.0, 30.0, , +0.00, +0.00, Lin 3-4 t=0.154
-71.689, 45.317, 47.240, -95.312, -18.413, 5.566, CRUISE, 181.62, -734.02, 1215.51, 90.15, 0.08, -0.02, 0, 50.0, 30.0, , +0.00, +0.00, Lin 3-4 t=0.179
-71.689, 45.322, 47.523, -96.142, -18.440, 6.441, CRUISE, 181.62, -734.02, 1210.42, 90.15, 0.08, -0.02, 0, 50.0, 30.0, , +0.00, +0.00, Lin 3-4 t=0.205
-71.689, 45.326, 47.806, -96.973, -18.472, 7.317, CRUISE, 181.62, -734.02, 1205.34, 90.15, 0.08, -0.02, 0, 50.0, 30.0, , +0.00, +0.00, Lin 3-4 t=0.231
-71.689, 45.327, 48.088, -97.805, -18.508, 8.194, CRUISE, 181.62, -734.02, 1200.25, 90.15, 0.08, -0.02, 0, 50.0, 30.0, , +0.00, +0.00, Lin 3-4 t=0.256
-71.689, 45.326, 48.369, -98.637, -18.549, 9.073, CRUISE, 181.62, -734.02, 1195.16, 90.15, 0.08, -0.02, 0, 50.0, 30.0, , +0.00, +0.00, Lin 3-4 t=0.282
-71.689, 45.322, 48.649, -99.470, -18.593, 9.951, CRUISE, 181.62, -734.02, 1190.07, 90.15, 0.08, -0.02, 0, 50.0, 30.0, , +0.00, +0.00, Lin 3-4 t=0.308
-71.689, 45.317, 48.928, -100.303, -18.642, 10.830, CRUISE, 181.62, -734.02, 1184.99, 90.15, 0.08, -0.02, 0, 50.0, 30.0, , +0.00, +0.00, Lin 3-4 t=0.333
-71.689, 45.308, 49.206, -101.136, -18.696, 11.709, CRUISE, 181.62, -734.02, 1179.90, 90.15, 0.08, -0.02, 0, 50.0, 30.0, , +0.00, +0.00, Lin 3-4 t=0.359
-71.689, 45.298, 49.483, -101.968, -18.753, 12.588, CRUISE, 181.62, -734.02, 1174.81, 90.15, 0.08, -0.02, 0, 50.0, 30.0, , +0.00, +0.00, Lin 3-4 t=0.385
-71.689, 45.285, 49.759, -102.799, -18.815, 13.466, CRUISE, 181.62, -734.02, 1169.73, 90.15, 0.08, -0.02, 0, 50.0, 30.0, , +0.00, +0.00, Lin 3-4 t=0.410
-71.689, 45.269, 50.035, -103.629, -18.882, 14.342, CRUISE, 181.62, -734.02, 1164.64, 90.15, 0.08, -0.02, 0, 50.0, 30.0, , +0.00, +0.00, Lin 3-4 t=0.436
-71.689, 45.251, 50.309, -104.457, -18.953, 15.218, CRUISE, 181.62, -734.02, 1159.55, 90.15, 0.08, -0.02, 0, 50.0, 30.0, , +0.00, +0.00, Lin 3-4 t=0.462
-71.689, 45.230, 50.583, -105.283, -19.028, 16.091, CRUISE, 181.62, -734.02, 1154.46, 90.15, 0.08, -0.02, 0, 50.0, 30.0, , +0.00, +0.00, Lin 3-4 t=0.487
-71.689, 45.207, 50.855, -106.107, -19.108, 16.963, CRUISE, 181.62, -734.02, 1149.38, 90.15, 0.08, -0.02, 0, 50.0, 30.0, , +0.00, +0.00, Lin 3-4 t=0.513
-71.689, 45.181, 51.127, -106.929, -19.193, 17.833, CRUISE, 181.62, -734.02, 1144.29, 90.15, 0.08, -0.02, 0, 50.0, 30.0, , +0.00, +0.00, Lin 3-4 t=0.538
-71.689, 45.152, 51.397, -107.747, -19.282, 18.700, CRUISE, 181.62, -734.02, 1139.20, 90.15, 0.08, -0.02, 0, 50.0, 30.0, , +0.00, +0.00, Lin 3-4 t=0.564
-71.689, 45.121, 51.667, -108.563, -19.376, 19.564, CRUISE, 181.62, -734.02, 1134.11, 90.15, 0.08, -0.02, 0, 50.0, 30.0, , +0.00, +0.00, Lin 3-4 t=0.590
-71.689, 45.087, 51.935, -109.375, -19.474, 20.425, CRUISE, 181.62, -734.02, 1129.03, 90.15, 0.08, -0.02, 0, 50.0, 30.0, , +0.00, +0.00, Lin 3-4 t=0.615
-71.689, 45.049, 52.203, -110.183, -19.577, 21.283, CRUISE, 181.62, -734.02, 1123.94, 90.15, 0.08, -0.02, 0, 50.0, 30.0, , +0.00, +0.00, Lin 3-4 t=0.641
-71.689, 45.010, 52.470, -110.988, -19.685, 22.137, CRUISE, 181.62, -734.02, 1118.85, 90.15, 0.08, -0.02, 0, 50.0, 30.0, , +0.00, +0.00, Lin 3-4 t=0.667
-71.689, 44.967, 52.735, -111.788, -19.798, 22.988, CRUISE, 181.62, -734.02, 1113.77, 90.15, 0.08, -0.02, 0, 50.0, 30.0, , +0.00, +0.00, Lin 3-4 t=0.692
-71.689, 44.921, 53.000, -112.584, -19.915, 23.834, CRUISE, 181.62, -734.02, 1108.68, 90.15, 0.08, -0.02, 0, 50.0, 30.0, , +0.00, +0.00, Lin 3-4 t=0.718
-71.689, 44.872, 53.263, -113.375, -20.037, 24.676, CRUISE, 181.62, -734.02, 1103.59, 90.15, 0.08, -0.02, 0, 50.0, 30.0, , +0.00, +0.00, Lin 3-4 t=0.744
-71.689, 44.820, 53.525, -114.162, -20.164, 25.513, CRUISE, 181.62, -734.02, 1098.50, 90.15, 0.08, -0.02, 0, 50.0, 30.0, , +0.00, +0.00, Lin 3-4 t=0.769
-71.689, 44.765, 53.787, -114.943, -20.295, 26.345, CRUISE, 181.62, -734.02, 1093.42, 90.15, 0.08, -0.02, 0, 50.0, 30.0, , +0.00, +0.00, Lin 3-4 t=0.795
-71.689, 44.706, 54.047, -115.718, -20.431, 27.173, CRUISE, 181.62, -734.02, 1088.33, 90.15, 0.08, -0.02, 0, 50.0, 30.0, , +0.00, +0.00, Lin 3-4 t=0.821
-71.689, 44.645, 54.306, -116.489, -20.572, 27.995, CRUISE, 181.62, -734.02, 1083.24, 90.15, 0.08, -0.02, 0, 50.0, 30.0, , +0.00, +0.00, Lin 3-4 t=0.846
-71.689, 44.580, 54.564, -117.253, -20.718, 28.812, DECEL, 181.62, -734.02, 1078.16, 90.15, 0.08, -0.02, 0, 50.0, 30.0, , +0.00, +0.00, Lin 3-4 t=0.872
-71.689, 44.512, 54.821, -118.011, -20.869, 29.623, DECEL, 181.62, -734.02, 1073.07, 90.15, 0.08, -0.02, 0, 50.0, 30.0, , +0.00, +0.00, Lin 3-4 t=0.897
-71.689, 44.440, 55.077, -118.764, -21.025, 30.429, DECEL, 181.62, -734.02, 1067.98, 90.15, 0.08, -0.02, 0, 50.0, 30.0, , +0.00, +0.00, Lin 3-4 t=0.923
-71.689, 44.365, 55.331, -119.510, -21.185, 31.228, DECEL, 181.62, -734.02, 1062.89, 90.15, 0.08, -0.02, 0, 50.0, 30.0, , +0.00, +0.00, Lin 3-4 t=0.949
-71.689, 44.286, 55.585, -120.249, -21.351, 32.022, DECEL, 181.62, -734.02, 1057.81, 90.15, 0.08, -0.02, 0, 50.0, 30.0, , +0.00, +0.00, Lin 3-4 t=0.974
-71.689, 44.204, 55.837, -120.982, -21.521, 32.810, STOP, 181.62, -734.02, 1052.72, 90.15, 0.08, -0.02, 0, 50.0, 30.0, , +0.00, +0.00, Lin 3-4 t=1.000
